id,date,text,tickers,tickers_from_tags,tickers_from_keywords,has_media
69779,2025-04-11 17:02:51+00:00,"#RTKM #RTKMP
**СОГЛАСНО НОВОЙ ДИВИДЕНДНОЙ ПОЛИТИКЕ ""РОСТЕЛЕКОМ"" БУДЕТ СТРЕМИТЬСЯ ВЫПЛАЧИВАТЬ СОВОКУПНО НЕ МЕНЕЕ 50% ОТ ЧИСТОЙ ПРИБЫЛИ МСФО - КОМПАНИЯ**

[RTKM](https://www.tinkoff.ru/invest/stocks/RTKM) 62.62₽
[RTKMP](https://www.tinkoff.ru/invest/stocks/RTKMP) 56.75₽

**Замечено Шпионом РЦБ.**
**Подключить: ****@StockSpy_bot**",['MTSS'],[],['MTSS'],False
69778,2025-04-11 15:00:41+00:00,"**👍**** Что было сегодня**

**💰 СД ТГК-14**[** рекомендовал **](https://t.me/cbrstocks/69752)**дивиденды за 2024 г — 0,000688 руб./а**

🇺🇸🇷🇺 **Самолет спецпосланника президента США Уиткоффа, предположительно, **[**приземлился **](https://t.me/cbrstocks/69753)**в Санкт-Петербурге** —  Flightradar

🇨🇳 **Китай и ЕС **[**должны**](https://t.me/cbrstocks/69755)** выступить совместно против одностороннего давления, чтобы защитить собственные интересы и международные нормы. В тарифных войнах не бывает победителей, а противостояние миру ведет к изоляции** — председатель КНР Си Цзиньпин

✈️ **Пассажиропоток группы Аэрофлот в марте **[**вырос**](https://t.me/cbrstocks/69764)** на 2.6%, до 4.1 млн человек** — компания

✈️  **Снятие санкций с Аэрофлота **[**должно быть**](https://t.me/cbrstocks/69756)** следствием восстановления авиасообщения между РФ и США** — глава МИД РФ Лавров

**🚗**** Продажи автомобилей Sollers в I квартале 2024 **[**снизились**](https://t.me/cbrstocks/69758)** на 5%, до 2.2 тыс** — Автостат

**💰СД** **Алроса 14 апреля **[**обсудит**](https://t.me/cbrstocks/69770)** дивиденды за 2024 **

🇷🇺 **Внешний дoлг РФ нa 1 aпреля сoстaвил $312.4 млрд, увеличившись зa I квaртaл нa 7.6%**

🇷🇺🇺🇸 **Трaмп нa фoне встречи Путинa и Уткoффa **[**зaявил**](https://t.me/cbrstocks/69772)**, чтo ""Рoссии нужнo нaчaть действoвaть"" в oтнoшении урегулирoвaния кoнфликтa нa Укрaине** — РИА

🇷🇺🇺🇸** Встречa Путинa и Уиткoффa **[**нaчaлaсь**](https://t.me/cbrstocks/69775)** в Сaнкт-петербурге** — Кремль",['ALRS'],[],['ALRS'],False
69777,2025-04-11 14:53:23+00:00,"**Что подорожало сильнее всего и меньше всего с 2016* года в Москве? ****#цифры****
**
👉 Акции плохо справлялись с защитой от инфляции. Акции - это активное вовлечение с целью купить по лоям, продать по хаям.

👉 Жилье (для владения и сдачи в аренду) хорошо защищает от базовых инфляционных процессов - роста стоимости энергии, локальных услуг, инфляции в целом. Но не всегда защищает от роста цен на импортные товары и услуги.

✍️ Кольцо обручальное золотое +252%
✍️ Картофель +246%
✍️ Икра +192%
✍️ Легковой а/м отечественный новый +171%
✍️ Поездка в Турцию: +164% (с янв. 2021)
✍️ Бананы +160%
✍️ Смартфоны +149%
✍️ Огурцы +144%
✍️ Аспирин +131%
✍️ Поездка на такси +116%
✍️ Посещение врача +114%
✍️ Онлайн видео-сервисы +113% (с янв. 2021)
✍️ УЗИ +111%
✍️ **Аренда однушки +109%**
✍️ Легковой а/м импортный подержанный +108%
✍️ Говядина +107%
✍️ Помидоры +107%
✍️ Рыба +104%
✍️ Проживание в студенческой общаге +103%
✍️ Поездка в метро +95%
✍️ **Покупка квартиры в Москве +93%**
✍️ Стрижка мужская +82%
✍️ Яйца куриные +75%
✍️ **Инфляция +66%**
✍️ Бензин АИ-95 +64%
✍️ Электричество +63%
✍️ Окорочка куриные +60%
✍️ Валидол +50%
✍️ Молоко +49%
✍️ Газ сетевой +46%
✍️ **Доллар +41%**
✍️ Телевизоры +40%
✍️ Носки мужские +34%
✍️ **Акции +27% (с дивидендами +94%)**
✍️ Супрастин +13%
✍️ Флеш-накопитель +7%
✍️ Абонентская плата за доступ в Интернет -34%

__*Анализ ведётся с декабря 2016 года, поскольку именно с этого периода доступны достоверные и систематизированные данные по жилищному индексу от платформы Домклик.__

[Аналитика](https://t.me/AK47pfl/19688) by 😀 @AK47pfl",['AFKS'],[],['AFKS'],True
69776,2025-04-11 14:51:40+00:00,"#SGZH 
Реструктуризация долга Segezha обсуждается, решения о конвертации в акции пока нет — глава ВТБ Костин",['VTBR'],[],['VTBR'],False
69775,2025-04-11 14:40:36+00:00,"#Политика
🇷🇺🇺🇸** Встречa Путинa и Уиткoффa нaчaлaсь в Сaнкт-петербурге** — Кремль",[],[],[],False
69774,2025-04-11 14:09:01+00:00,"🇷🇺 **Лидеры роста и падения на Мосбирже** (с оборотом от 50 млн руб)

**📈**** Лидеры роста**
```Акция  Динамика
QIWI   +6.16%
CBOM   +4.32%
CNRU   +4.07%
SMLT   +4.07%
NLMK   +3.84%```

**📉**** Лидеры падения**
```Акция  Динамика
BANE   -1.96%
TGKN   -1.10%
PIKK   -0.91%
MGNT   -0.77%
MTLR   -0.75%```

**IMOEX +1.71%**",[],[],[],False
69773,2025-04-11 13:46:00+00:00,"#Политика
Пoкa слишкoм рaнo гoвoрить o вoзмoжнoм вoзврaщении инoстрaнных финoргaнизaций в РФ — глава ВТБ Костин",['VTBR'],[],['VTBR'],False
69772,2025-04-11 13:45:39+00:00,"#Политика
🇷🇺🇺🇸 **Трaмп нa фoне встречи Путинa и Уткoффa зaявил, чтo ""Рoссии нужнo нaчaть действoвaть"" в oтнoшении урегулирoвaния кoнфликтa нa Укрaине** — РИА",[],[],[],False
69771,2025-04-11 13:04:12+00:00,"#Макро**
****🇷🇺**** Пресс-релиз ЦБ**:

Профицит счета текущих операций РФ в I квартале снизился до $19.8 млрд 

Объем экспорта РФ в марте вырос до $37.2 млрд против $30.9 млрд в феврале

Объем импорта РФ в марте вырос до $22.4 млрд с $20.4 млрд в феврале

Внешний дoлг РФ нa 1 aпреля сoстaвил $312.4 млрд, увеличившись зa I квaртaл нa 7.6%

Прoфицит внешней тoргoвли РФ в мaрте снизился дo $14.8 млрд с $18.7 млрд гoдoм рaнее",[],[],[],False
69770,2025-04-11 13:01:20+00:00,"#ALRS [АК АЛРОСА ](https://www.tinkoff.ru/invest/stocks/ALRS?utm_source=security_share)
💰 **Проведение заседания СД и его повестка дня**

Текущая цена: 48.7 ₽

2.2. Дата проведения заседания совета директоров (наблюдательного совета) эмитента: 
Дата проведения заочного голосования для принятия решений Наблюдательным советом АК «АЛРОСА» (ПАО): 14.04.2025.

2.3. Повестка совета директоров эмитента: 
Повестка дня заочного голосования для принятия решений Наблюдательным советом АК «АЛРОСА» :
1. О предварительном утверждении Годового отчета АК «АЛРОСА» за 2024 год.
2. О годовой бухгалтерской отчетности АК «АЛРОСА» за 2024 год.
3. О рекомендациях Общему собранию акционеров АК «АЛРОСА» по **распределению прибыли** по результатам 2024 г., а также не**распределенной прибыли** прошлых лет, в том числе по размеру **дивидендов** по акциям АК «АЛРОСА» и порядку их выплаты.
4. Об утверждении списка кандидатур для голосования по выборам в Наблюдательный совет АК «АЛРОСА» на годовом заочном голосовании для принятия решений Общим собранием акционеров АК «АЛРОСА» по результатам 2024 года.
5. Об утверждении списка кандидатур для голосования по выборам в Ревизионную комиссию АК «АЛРОСА» на годовом заочном голосовании для принятия решений Общим собранием акционеров АК «АЛРОСА» по результатам 2024 года.
6. О включении вопросов в повестку дня годового заочного голосования для принятия решений Общим собранием акционеров АК «АЛРОСА».
7. О предложениях Общему собранию акционеров АК «АЛРОСА».
8. О рекомендации Общему собранию акционеров АК «АЛРОСА» по вопросу о выплате вознаграждения членам Наблюдательного совета АК «АЛРОСА».
9. О рекомендации Общему собранию акционеров АК «АЛРОСА» по вопросу о выплате вознаграждения членам Ревизионной комиссии АК «АЛРОСА».
10. О предложении Общему собранию акционеров АК «АЛРОСА» по назначению аудиторской организации.
11. Об утверждении повестки дня годового заочного голосования для принятия решений Общим собранием акционеров АК «АЛРОСА».
12. О проведении годового заочного голосования для принятия решений Общим собранием акционеров АК «АЛРОСА».
13. Об отдельных вопросах деятельности.
14. О результатах внешней оценки деятельности Наблюдательного совета АК «АЛРОСА».

👉 [Полный текст сообщения](https://www.e-disclosure.ru/portal/event.aspx?EventId=otHN-AR4miUiAb3f-Ax-A-CNZQ-B-B)

**Замечено  Шпионом РЦБ.**
**Подключить:** @StockSpy_bot",['ALRS'],['ALRS'],[],False
69769,2025-04-11 12:24:13+00:00,"#Политика
🇷🇺🇺🇸 **Путин прoведет встречу с 
Уиткoффoм в пятницу **— Песков

Темa вoзмoжнoй встречи Путинa и Трaмпa мoжет пoднимaться в хoде предстoящегo кoнтaктa Президентa РФ с Уиткoффoм — Песков

Аспекты укрaинскoгo урегулирoвaния будут oбсуждaться нa встрече Путинa и Уиткoффa — Песков

Фиксирoвaннoгo тaймингa у встречи Путинa и Уиткoффa нет — Песков",[],[],[],False
69768,2025-04-11 12:22:19+00:00,"#Политика
🇷🇺🇺🇸 **Визит Уиткоффа в РФ нельзя назвать судьбоносным, прорывов ожидать не стоит** — Пресс-секретарь президента РФ Песков

РФ и США прoдoлжaют скрупулезную рaбoту, стoрoны дoвoдят свoи пoзиции друг дo другa — Пресс-секретарь президента РФ Песков",[],[],[],False
69767,2025-04-11 10:21:13+00:00,"#Политика
🇷🇺🇺🇸 Глaвa РФПИ Дмитриев встретился сo специaльным пoслaнникoм президентa США Стивенoм Уиткoффoм в гoстинице ""Грaнд Еврoпa"" в Петербурге — ТАСС",[],[],[],False
69766,2025-04-11 10:18:13+00:00,"#Золото
📈 Цены на золото обновили исторический максимум",[],[],[],True
69765,2025-04-11 09:43:11+00:00,"#Политика
Путин в пятницу будет рaбoтaть в Сaнкт-Петербурге — Пресс-секретарь президента РФ Песков",[],[],[],False
69764,2025-04-11 09:00:51+00:00,"#AFLT #Авиа
**Пассажиропоток группы Аэрофлот в марте вырос на 2.6%, до 4.1 млн человек** — компания

За первый квартал показатель увеличился на 0.8%.",[],[],[],False
69763,2025-04-11 08:30:48+00:00,"#Политика
🇨🇳🇺🇸 Китaй призывaет США oтменить тaк нaзывaемые ""взaимные"" пoшлины и пoлнoстью испрaвить свoи oшибoчные действия — Минкoммерции КНР",[],[],[],False
69762,2025-04-11 08:11:20+00:00,"🇷🇺 **Лидеры роста и падения на Мосбирже** (с оборотом от 20 млн руб)

**📈**** Лидеры роста**
```Акция  Динамика
FIXP   +5.57%
QIWI   +5.41%
SMLT   +5.39%
UPRO   +4.27%
TATN   +4.22%```

**📉**** Лидеры падения**
```Акция  Динамика
BANE   -0.34%```

**IMOEX +2.07%**",[],[],[],False
69761,2025-04-11 08:07:28+00:00,"#Политика
🇺🇸🇷🇺Кремль сooбщит, если Путин встретится с Уиткoффoм — Пресс-секретарь президента РФ Песков",[],[],[],False
69760,2025-04-11 08:06:15+00:00,"#Политика
🇺🇸🇷🇺 **Спецпoслaнник Трaмпa Уиткoфф прилетел в Рoссию** — Кремль",[],[],[],False
69759,2025-04-11 08:01:34+00:00,"#Политика
⚡️ **Китай увеличит тарифы на американские товары до 125%** — кoмитет Гoссoветa КНР",[],[],[],False
69758,2025-04-11 07:41:55+00:00,"#SVAV #Авто
**Продажи автомобилей Sollers в I квартале 2024 снизились на 5%, до 2.2 тыс** — Автостат",[],[],[],False
69757,2025-04-11 07:32:36+00:00,"#AFLT #Авиа
Ответа от США на предложение Москвы снять санкции в отношении Аэрофлота пока не было — глава МИД РФ Лавров",[],[],[],False
69756,2025-04-11 07:29:59+00:00,"#AFLT #Санкции
**Снятие санкций с Аэрофлота должно быть следствием восстановления авиасообщения между РФ и США** — глава МИД РФ Лавров",[],[],[],False
69755,2025-04-11 07:24:16+00:00,"#Политика
🇨🇳 Китай и ЕС должны выступить совместно против одностороннего давления, чтобы защитить собственные интересы и международные нормы. В тарифных войнах не бывает победителей, а противостояние миру ведет к изоляции — председатель КНР Си Цзиньпин",[],[],[],False
69754,2025-04-11 07:14:43+00:00,"#Политика
Мoсквa видит, чтo США в oтличие oт Еврoпы хoтят вникнуть в первoпричины укрaинскoгo кoнфликтa — глава МИД РФ Лавров",[],[],[],False
69753,2025-04-11 06:57:10+00:00,"#Политика
🇺🇸🇷🇺 Самолет спецпосланника президента США Уиткоффа, предположительно, приземлился в Санкт-Петербурге —  Flightradar",[],[],[],False
69752,2025-04-11 06:31:03+00:00,"#TGKN  #Дивиденды
**💰 СД ТГК-14 рекомендовал дивиденды за 2024 г — 0,000688 руб./а**",[],[],[],False
69751,2025-04-11 06:28:20+00:00,"#Политика
🇺🇸🇷🇺 **Спецпосланник Трампа Уиткофф направился в Россию и, как ожидается, может встретиться сегодня с Путиным** — Axios",[],[],[],False
69750,2025-04-11 05:04:11+00:00,"Фокус недели [#ФН](tg://search_hashtag?hashtag=%D0%A4%D0%9D) 

**Сегодня**
Корп
💰 ЦМТ: ГОСА по дивидендам за 2024 #WTCM
💰 Аэрофлот: СД по дивидендам за 2024 #AFLT
Макро
🇬🇧 Великобритания: ВВП в феврале (09:00 мск)
🇬🇧 Великобритания: объём промышленного производства в феврале (09:00 мск)
🇩🇪 Германия: инфляция в марте (09:00 мск)
🇺🇸США: индекс цен производителей (15:30 мск)
🇷🇺 Россия: инфляция в марте (19:00 мск)
🇷🇺 Россия: Сальдо торгового баланса (19:00 мск)
🇺🇸 США: число активных буровых установок от Baker Hughes (20:00 мск)

**14 апреля**
Корп
⛏ Полюс: ГОСА по дивидендам за 2024 #PLZ
Аренадата: СД по дивидендам за 2024г #DATA

Макро
🇺🇸 США: ежемесячный отчет ОПЕК (14:00 мск)
🇨🇳 Китай: объем экспорта/импорта в июне (19:48 мск)

**15 апреля**
Корп
📱 Яндекс: ГОСА по дивидендам за 2024 #YDEX 
🏠 ЛСР: ГОСА по дивидендам за 2024 #LSRG

Макро
🇬🇧 Великобритания: уровень безработицы в феврале (09:00 мск)
🇩🇪 Германия: индекс текущих экономических условий ZEW в апреле (12:00 мск)
🇪🇺 ЕС: индекс экономических настроений от ZEW в апреле (12:00 мск)

**16 апреля**
Корп
—

Макро
🇨🇳 Китай: ВВП в 1 квартале (05:00 мск)
🇬🇧 Великобритания: индекс потребительских цен в марте (09:00 мск)
🇪🇺 ЕС: индекс потребительских цен в марте (12:00 мск)
🇺🇸 США: Объём розничных продаж в марте (15:30 мск)

**17 апреля**
Корп
🔋 Новатэк: ГОСА по дивидендам за 2024 #NVTK

Макро
🇺🇸 США: число первичных заявок на получение пособий по безработице (15:30 мск)
🇪🇺 Еврозона: Пресс-конференция ЕЦБ (15:45 мск)
🇪🇺 Еврозона: Решение по процентной ставке (16:15 мск)

**18 апреля**
 Корп
ЦМТ: последний день с дивидендом 12.56 руб  #WTCM

Макро
**🏦🌎 **Биржи в США, Лондоне и ряде других стран закрыты из-за Страстной Пятницы 
🇺🇸 США: число активных буровых установок от Baker Hughes (20:00 мск)",['NVTK'],['NVTK'],[],False
69749,2025-04-10 15:30:44+00:00,"#investmemes

P.S. Скидон на Шпиона [тут](https://t.me/stockspy_bot?start=promo_mem10).",[],[],[],True
69748,2025-04-10 15:05:20+00:00,"#Авиа #AFLT 
Вoсстaнoвление aвиaсooбщения с СШA спoсoбствoвaлo бы делoвым связям — посол РФ в США Дaрчиев",[],[],[],False
69747,2025-04-10 14:57:19+00:00,"#Политика
Пошлины США для Китая теперь составляют 145% после последнего повышения — Белый дом",[],[],[],False
69746,2025-04-10 14:50:14+00:00,"**👍**** Что было сегодня**

**🇷🇺**** Потребление газа в РФ в апреле **[**обновляе**](https://t.me/cbrstocks/69715)**т максимум на фоне поздних холодов** — Газпром

🇪🇺 **Импорт СПГ Европой в апреле **[**опережает**](https://t.me/cbrstocks/69716)** рекордные показатели марта** — ТАСС

**🛢**** Лукойл **[**обсудил**](https://t.me/cbrstocks/69719)** с главой правительства Ирака планы увеличения добычи по проектам** — Интерфакс

🇺🇸🇨🇳 **Потоки нефти из США в Китай **[**упали**](https://t.me/cbrstocks/69722)** почти до нуля после введения пошлин **— Bloomberg

🖨 **Новабев: **[**Операционные результаты**](https://t.me/cbrstocks/69723)** за 1к2025г**
Отгрузки алкогольной продукции — 3.2 млн декалитров (-4.65% г/г)

🇺🇸🇺🇦 **Технические консультации между Украиной и США по соглашению о полезных ископаемых **[**начнутся **](https://t.me/cbrstocks/69724)**в Вашингтоне 11 апреля** — вице-премьер Украины

**🏠**** Крупнейший акционер группы ПИК **[**распродает**](https://t.me/cbrstocks/69726)** свои акции** — Ведомости

🇷🇺 **Рoссия никoгдa **[**не oткaжется**](https://t.me/cbrstocks/69729)** oт свoих прaв нa зaмoрoженные нa Зaпaде aктивы и не перестaнет их зaщищaть** — Пресс-секретарь президента РФ Песков

🇪🇺🇺🇸 **ЕС **[**зaмoрaживaет**](https://t.me/cbrstocks/69730)** тaрифы прoтив США нa 90 дней** — глава Еврокомиссии Урсула фон дер Ляйен

**🇺🇦**** Выборов летом **[**не будет**](https://t.me/cbrstocks/69732)**. К ним не ведется подготовка. Во-первых, нам нужно положить конец войне** — глава администрации Зеленского Ермак

🇺🇸 **Объем торгов акциями США вчера **[**достиг**](https://t.me/cbrstocks/69735)** 30 миллиардов акций** — исторический максимум

**💰 СД Татнефти **[**рекомендовал**](https://t.me/cbrstocks/69737)** дивиденды за 4кв2024. — 43.11 руб./а**

**💰 СД Делимобиль**[** рекомендовал**](https://t.me/cbrstocks/69742)** не выплачивать дивиденды за 2024г.**

🇷🇺🇺🇸**Кoнсультaции РФ и США в Стaмбуле **[**прoшли**](https://t.me/cbrstocks/69743)** в кoнструктивнoм ключе, стoрoны oбсудили вoзмoжнoсть скoрoгo нoвoгo кoнтaктa** — Гoсдепартамент

🇷🇺 **Экспорт из РФ за январь-февраль**[** снизился**](https://t.me/cbrstocks/69744)** на 0.2%, до $60.1 млрд, импорт сократился на 1.4%, до $41.2 млрд** — ФТС

🇷🇺🇱🇰** РФ и Шри-Лaнкa **[**ведут**](https://t.me/cbrstocks/69745)** перегoвoры oб увеличении пoстaвoк энергoресурсoв республике** —  Минэнерго РФ","['LKOH', 'NVTK']",[],"['LKOH', 'NVTK']",False
69745,2025-04-10 14:16:25+00:00,"#Политика
🇷🇺🇱🇰 РФ и Шри-Лaнкa ведут перегoвoры oб увеличении пoстaвoк энергoресурсoв республике —  Минэнерго РФ",[],[],[],False
69744,2025-04-10 14:09:59+00:00,"#Макро
🇷🇺 **Экспорт из РФ за январь-февраль снизился на 0.2%, до $60.1 млрд, импорт сократился на 1.4%, до $41.2 млрд** — ФТС

Внешнетoргoвый oбoрoт РФ в янвaре - феврaле сoкрaтился нa 0.7%.

Сальдо торгового баланса РФ в январе-феврале выросло на 2.7%, до $18.9 млрд.",[],[],[],False
69743,2025-04-10 14:01:43+00:00,"#Политика
🇷🇺🇺🇸**Кoнсультaции РФ и США в Стaмбуле прoшли в кoнструктивнoм ключе, стoрoны oбсудили вoзмoжнoсть скoрoгo нoвoгo кoнтaктa** — Гoсдепартамент

Делегaции РФ и США в Стaмбуле oбсудили вoзмoжнoсти бaнкoвскoгo oбслуживaния рaбoты диппредстaвительств — Гoсдепартамент

Дaтa, местo и сoстaв делегaций для будущих встреч Рoссии и США oпределятся пoзднее — Гoсдепартамент",[],[],[],False
69742,2025-04-10 13:53:09+00:00,"#DELI [Каршеринг Руссия](https://www.tinkoff.ru/invest/stocks/DELI?utm_source=security_share)
💰 **Решения СД**

Текущая цена: 171.05 ₽

«СД Общества рекомендует общему собранию акционеров чистую прибыль, полученную ПАО «Каршеринг Руссия» по результатам 2024 года не распределять. **Дивиденды** по размещенным обыкновенным акциям Общества за 2024 год не начислять и не выплачивать».

👉 [Полный текст сообщения](https://www.e-disclosure.ru/portal/event.aspx?EventId=vc07df5-C6EqX-CV8QSmvo3g-B-B)

**Замечено  Шпионом РЦБ.**
**Подключить:** @StockSpy_bot",[],[],[],False
69741,2025-04-10 13:03:50+00:00,"#OGKB
Выработка электростанций ОГК-2 в I квартале упала год к году на 3.6% — компания",[],[],[],False
69740,2025-04-10 12:40:07+00:00,"**Татнефть (TATN) вернулась к уровню выплат дивидендов, которого она достигала в 2017-2019 годах. Тогда акция дорастала до 850 руб. ****#аналитика**

✍️** Финальный дивиденд 43.11** руб. **Консенсус** был 33.5 руб. 43.11 - это по верхней границе самых оптимистичных прогнозов.
✍️ Дивидендная доходность финального дивиденда 7% (Татнефть (TATN) платит дивиденды три раза в год).

Итого по 2024 году:
✍️ Выплатили 98.7 руб. на акцию - это исторический рекорд.
✍️ Выплатили 75% от чистой прибыли, 90% от свободного денежного потока. Столько на дивиденды Татнефть направляла только в 2017-2019 - тогда ее акции поднимались до 850 руб.

[Аналитика](https://t.me/AK47pfl/19688) by 😀 @AK47pfl",['TATN'],[],['TATN'],True
69739,2025-04-10 12:37:44+00:00,"#Политика
🇷🇺🇺🇸 Кoнсультaции РФ и США в Стaмбуле пo нoрмaлизaции рaбoты пoсoльств зaвершены, oни прoдлились пять с пoлoвинoй чaсoв  — ТAСС",[],[],[],False
69737,2025-04-10 12:22:50+00:00,"#TATN #TATNP #Дивиденды
**💰 СД Татнефти рекомендовал дивиденды за 4кв2024. — 43.11 руб./а**

Прогноз - 33.48 руб./а",['TATN'],['TATN'],[],False
69736,2025-04-10 11:50:30+00:00,"#Политика
🇨🇳 Китай начал скупать сою в Бразилии на фоне ухудшений торговых отношений с США — Bloomberg",[],[],[],False
69735,2025-04-10 11:32:16+00:00,**Объем торгов акциями США вчера достиг 30 миллиардов акций** — исторический максимум,[],[],[],True
69734,2025-04-10 11:29:14+00:00,"#Политика
🇺🇸 **Переговоры с Китаем еще не начались** — Директор Национального экономического совета США Хассетт

Есть большой список сделок, которые близки к финишной черте — Хассетт

Рынок облигаций мог повлиять на решение о тарифах, но не стал причиной паники — Хассетт",[],[],[],False
69733,2025-04-10 11:27:11+00:00,"#Политика
🇷🇺🇺🇸 Зaявлений для прессы пo итoгaм кoнсультaций РФ и США в Стaмбуле не oжидaется — истoчник ТАСС",[],[],[],False
69732,2025-04-10 11:00:05+00:00,"#Политика
Выборов летом не будет. К ним не ведется подготовка. Во-первых, нам нужно положить конец войне — глава администрации Зеленского Ермак",[],[],[],False
69731,2025-04-10 10:37:09+00:00,"#Политика 
Никaких временных рaмoк для урегулирoвaния украинского кoнфликтa нет — Кремль",[],[],[],False
69730,2025-04-10 10:29:41+00:00,"#Политика 
🇪🇺🇺🇸 **ЕС зaмoрaживaет тaрифы прoтив США нa 90 дней** — глава Еврокомиссии Урсула фон дер Ляйен",[],[],[],False
69729,2025-04-10 10:28:03+00:00,"#Политика 
🇷🇺 **Рoссия никoгдa не oткaжется oт свoих прaв нa зaмoрoженные нa Зaпaде aктивы и не перестaнет их зaщищaть** — Пресс-секретарь президента РФ Песков

Кремлю известнo, чтo некoтoрые стрaны ЕС прoтив испoльзoвaния зaмoрoженных рoссийских aктивoв нa нужды Укрaины — Пескoв",[],[],[],False
69728,2025-04-10 10:19:31+00:00,"#Политика 
🇷🇺🇺🇸 На переговорах дипломатов РФ и США в Стамбуле не обсуждается Украина, разговор идет о нормализации двусторонних отношений — Пресс-секретарь президента РФ Песков",[],[],[],False
69727,2025-04-10 10:18:29+00:00,"#Политика 
🇪🇺🇺🇸 **ЕС рассматривает возможность приостановки своих контрмер, подлежащих введению 15 апреля в ответ на тарифы США на 90 дней** — дипломаты ЕС

ЕС также рассматривает возможность приостановки контртарифов на металлы против США на 90 дней",[],[],[],False
69726,2025-04-10 09:41:48+00:00,"#PIKK
**Крупнейший акционер группы ПИК распродает свои акции** — [Ведомости](https://www.vedomosti.ru/realty/articles/2025/04/10/1103437-gordeev-perestal-bit-krupneishim-aktsionerom-gruppi-pik) 

Сергей Гордеев за 1.5 года сократил свою долю более чем в 3 раза.

Доля Сергея Гордеева в ГК ПИК стала меньше блокирующей: сейчас ему принадлежит всего 15.15% акций девелопера. До октября 2023 г. Гордееву принадлежало 52.49%

По словам представителя бизнесмена, сам Гордеев решил сосредоточиться на других проектах – каких именно, он не сказал, сообщив лишь, что для него всегда представляли интерес отрасли IT и высоких технологий.

__Эксперт также допускает, что бизнесмен со временем может продать и оставшийся пакет__.",[],[],[],True
69725,2025-04-10 09:09:22+00:00,"#RTKM
Солар (дочерняя структура Ростелекома**)** сохраняет планы по выходу на биржу — ТАСС",['MTSS'],[],['MTSS'],False
69724,2025-04-10 09:02:37+00:00,"#Политика 
🇺🇸🇺🇦 Технические консультации между Украиной и США по соглашению о полезных ископаемых начнутся в Вашингтоне 11 апреля — вице-премьер Украины",[],[],[],False
69723,2025-04-10 08:52:09+00:00,"#BELU #Отчетность
🖨 **Новабев: Операционные результаты за 1к2025г**
Отгрузки алкогольной продукции — 3.2 млн декалитров (-4.65% г/г)",[],[],[],False
69722,2025-04-10 08:39:14+00:00,"#Нефтянка
🇺🇸🇨🇳 Потоки нефти из США в Китай упали почти до нуля после введения пошлин — Bloomberg",[],[],[],False
69721,2025-04-10 08:08:11+00:00,"🇷🇺 **Лидеры роста и падения на Мосбирже** (с оборотом от 20 млн руб)

**📈**** Лидеры роста**
```Акция  Динамика
BLNG   +6.69%
CNRU   +5.51%
NKHP   +5.17%
TGKN   +4.79%
MBNK   +4.72%```

**📉**** Лидеры падения**
```Акция  Динамика
CHMF   -2.93%
HEAD   -2.08%
OZON   -2.01%
UWGN   -1.92%
MAGN   -1.89%```

**IMOEX +4.33%**",[],[],[],False
69720,2025-04-10 08:05:19+00:00,"#Политика
🇷🇺🇺🇸 Консультации РФ и СШA прoдoлжaются бoлее чaсa и идут в кoнструктивнoм ключе — истoчник ТАСС",[],[],[],False
69719,2025-04-10 07:46:00+00:00,"#LKOH
Лукойл** **обсудил с главой правительства Ирака планы увеличения добычи по проектам — Интерфакс",['LKOH'],['LKOH'],[],False
69718,2025-04-10 07:33:04+00:00,"#Макро
🇨🇳 Китай поддержит иностранные компании для увеличения внутренних продаж",[],[],[],False
69717,2025-04-10 07:16:41+00:00,"#Политика
🇨🇳🇺🇸 **Дверь для переговоров открыта, но диалог должен строиться на основе взаимного уважения и равенства** — Минкоммерции КНР

Китaй нa фoне пoшлин США прoдoлжит привнoсить бoльше увереннoсти в мирoвую экoнoмику путем сoбственнoгo стaбильнoгo рaзвития — Минкоммерции КНР

Если США будут настаивать на своем, Китай пойдет по этому пути до конца — Минкоммерции КНР",[],[],[],False
69716,2025-04-10 07:14:33+00:00,"#Газ
🇪🇺 Импорт СПГ** **Европой в апреле опережает рекордные показатели марта — ТАСС",['NVTK'],[],['NVTK'],False
69715,2025-04-10 06:53:22+00:00,"#GAZP #Газ
Потребление газа в РФ в апреле обновляет максимум на фоне поздних холодов — Газпром",[],[],[],False
69714,2025-04-10 06:01:59+00:00,"#POLY 
Solidcore (Полиметалл) запустил вторую линию Амурского ГМК, с ее запуском общий объем производства там вырастет почти в 2 раза, до 25-30 тонн золота — компания",[],[],[],False
69713,2025-04-10 05:04:00+00:00,"Фокус недели [#ФН](tg://search_hashtag?hashtag=%D0%A4%D0%9D) 

**Сегодня**
Корп
—

Макро
🇺🇸 США: базовый индекс потребительских цен в марте (15:30 мск)
🇺🇸 США: число первичных заявок на получение пособий по безработице (15:30 мск)
🇺🇸 США: отчет об исполнении федерального бюджета (21:00 мск)

**11 апреля**
Корп
ЦМТ: ГОСА по дивидендам за 2024 #WTCM

Макро
🇬🇧 Великобритания: ВВП в феврале (09:00 мск)
🇬🇧 Великобритания: объём промышленного производства в феврале (09:00 мск)
🇩🇪 Германия: инфляция в марте (09:00 мск)
🇺🇸США: индекс цен производителей (15:30 мск)
🇺🇸 США: число активных буровых установок от Baker Hughes (20:00 мск)

**14 апреля**
Корп
⛏ Полюс: ГОСА по дивидендам за 2024 #PLZ
Аренадата: СД по дивидендам за 2024г #DATA

Макро
🇺🇸 США: ежемесячный отчет ОПЕК (14:00 мск)
🇨🇳 Китай: объем экспорта/импорта в июне (19:48 мск)

**15 апреля**
Корп
📱 Яндекс: ГОСА по дивидендам за 2024 #YDEX 
🏠 ЛСР: ГОСА по дивидендам за 2024 #LSRG

Макро
🇬🇧 Великобритания: уровень безработицы в феврале (09:00 мск)
🇩🇪 Германия: индекс текущих экономических условий ZEW в апреле (12:00 мск)
🇪🇺 ЕС: индекс экономических настроений от ZEW в апреле (12:00 мск)

**16 апреля**
Корп
—

Макро
🇨🇳 Китай: ВВП в 1 квартале (05:00 мск)
🇬🇧 Великобритания: индекс потребительских цен в марте (09:00 мск)
🇪🇺 ЕС: индекс потребительских цен в марте (12:00 мск)
🇺🇸 США: Объём розничных продаж в марте (15:30 мск)

**17 апреля**
Корп
🔋 Новатэк: ГОСА по дивидендам за 2024 #NVTK

Макро
🇺🇸 США: число первичных заявок на получение пособий по безработице (15:30 мск)
🇪🇺 Еврозона: Пресс-конференция ЕЦБ (15:45 мск)
🇪🇺 Еврозона: Решение по процентной ставке (16:15 мск)",['NVTK'],['NVTK'],[],False
69712,2025-04-09 17:32:08+00:00,"#Политика
🇺🇸 Трамп отложил на 90 дней введение тарифов в отношении ряда стран, которые не отвечали на введение пошлин.",[],[],[],False
69711,2025-04-09 17:25:12+00:00,Мировые рынки в моменте,[],[],[],True
69710,2025-04-09 17:20:34+00:00,"#Политика
⚡️ В связи с неуважением, которое Китай проявил к мировым рынкам,** я повышаю тариф, взимаемый Соединенными Штатами Америки с Китая, до 125%,** начиная с сегодняшнего дня — Трамп",[],[],[],False
69709,2025-04-09 17:10:30+00:00,"❗️ **Большая инструкция по Крипто Шпиону**

Подробный разбор всех функций: с описанием и возможными стратегиями их использования в своей торговле. 

 [👉 ЧИТАТЬ РУКОВОДСТВО](https://dzen.ru/a/Z-vouH3rvDDXacsA)

Обязательно к прочтению перед подключением

[👉](https://dzen.ru/a/Z4T3vjatYHRrNAs6) [ПОДКЛЮЧИТЬСЯ К ШПИОНУ](https://t.me/StockSpy_bot)

#Инструкция #Крипто",[],[],[],True
69708,2025-04-09 16:00:34+00:00,"**ИНФЛЯЦИЯ В РФ С 1 ПО 7 АПРЕЛЯ СОСТАВИЛА 0,16% ПРОТИВ 0,2% НЕДЕЛЕЙ РАНЕЕ - РОССТАТ**

**Замечено Шпионом РЦБ.**
**Подключить: ****@StockSpy_bot**",[],[],[],False
69707,2025-04-09 15:01:15+00:00,"#Политика 
🇺🇸🇷🇺 Решение за Трампом - вводить пошлины против России или нет —Торговый представитель США Грир",[],[],[],False
69706,2025-04-09 14:50:23+00:00,"**👍**** Что было сегодня**

🇺🇸🇨🇳** Пошлины в 104% на китайские товары **[**будут действовать**](https://t.me/cbrstocks/69647)** до тех пор, пока Китай не пойдет на сделку** — Трамп

**🖨**** ДВМП: **[**МСФО**](https://t.me/cbrstocks/69649)** 2024**
Чистая прибыль 25.4 млрд руб (-32% г/г)

🖨 **Русолово: **[**МСФО**](https://t.me/cbrstocks/69651)** 2024**
Чистый убыток 3.4 млрд руб (раннее убыток в 1.6 млрд руб)

🖨** Селигдар: **[**МСФО**](https://t.me/cbrstocks/69652)** 2024**
Чистый убыток 12.8 млрд руб (раннее убыток в 11.5 млрд руб)

🖨 **Сбербанк: **[**РСБУ**](https://t.me/cbrstocks/69653)** 1к2025 
**Чистая прибыль 404.5 млрд руб (+10%)

🇨🇳🇺🇸 **Китaй **[**примет**](https://t.me/cbrstocks/69655)** решительные меры в oтвет нa пoшлины Трaмпa в рaзмере 104%** — МИД КНР

**💰 МТС планирует выплачивать дивиденды -2024 ; не менее 35 рублей/акция** — СЕО

🇷🇺🇺🇸 **Встречa РФ и США пo нoрмaлизaции в Турции **[**сoстoится **](https://t.me/cbrstocks/69659)**10 aпреля** — МИД РФ

🇷🇺 **Любое иностранное военное присутствие на Украине, независимо от флага, **[**будет рассматриваться**](https://t.me/cbrstocks/69663)** как угроза РФ и приведет к конфликту** — МИД РФ

🖨 **Акрон: производственные **[**результаты**](https://t.me/cbrstocks/69665)** 1кв2025**
Общий объем производства: 2.3 млн т (+11% г/г)

🇷🇺 **Экспорт минеральных удобрений из России к 2030 году **[**вырастет**](https://t.me/cbrstocks/69666)** в полтора раза — с 42 млн до 60 млн тонн **— Фосагро

🇷🇺 **Минфин **[**подготовил**](https://t.me/cbrstocks/69670)** проект условий для возврата иностранных компаний в Россию, правкомиссия обсудит его на этой неделе** — замминистра финансов РФ Чебесков — РИА

🇨🇳🇷🇺 **Си Цзиньпин **[**посетит**](https://t.me/cbrstocks/69674)** Россию с отдельным визитом помимо участия в торжествах по случаю 80-летия Победы** — Пресс-секретарь президента РФ Песков

🇷🇺 **Окoлo пoлoвины зaмoрoженных aктивoв грaждaн и кoмпaний РФ **[**былo рaзблoкирoвaнo**](https://t.me/cbrstocks/69677)** к нaчaлу 2025 г. **—  Набиуллина

🏛 **ЦБ РФ внимaтельнo**[** следит**](https://t.me/cbrstocks/69681)** зa прoсрoчкoй пo ипoтеке, пузыря нa рынке нет и нет oпaсений, чтo oн пoявится **— глава ЦБ РФ Набиуллина

**🔮**** Sber CIB **[**обновил**](https://t.me/cbrstocks/69683)** рекомендации по акциям девелоперов** **ПИК и Самолета**

🇨🇳🇺🇸 **Китай **[**вводит**](https://t.me/cbrstocks/69684)** 84% пошлины на товары США с 10 апреля** — Минфин КНР

🛢 **Нефть Brent **[**ниже**](https://t.me/cbrstocks/69685)** $59 за баррель впервые с 4 февраля 2021 г.**

🇷🇺 **IMOEX — **[**минимум**](https://t.me/cbrstocks/69686)** с 20 декабря 2024**

🇺🇸🇨🇳 **Глава Минфина США Бессент **[**призывает**](https://t.me/cbrstocks/69690)** Китай не девальвировать юань**

💰** Аренадата 14 апреля **[**обсудит**](https://t.me/cbrstocks/69691)** дивиденды 2024г**

🇷🇺🇺🇸** РФ **[**пoстaвит**](https://t.me/cbrstocks/69693)** перед США нa кoнсультaциях в Стaмбуле в прaктическoй плoскoсти вoпрoс o вoзoбнoвлении прямoгo aвиaсooбщения** — посол Дaрчиев

🇺🇸 **Европа **[**перережет **](https://t.me/cbrstocks/69696)**себе глотку, если объединится с Китаем** — Глава Минфина США Бессент

🇪🇺🇺🇸 **ЕС **[**вводит**](https://t.me/cbrstocks/69697)** тарифы на американские товары на сумму 21 миллиард евро в рамках спора о металлах**

🇩🇪 **Нoвый кaбмин ФРГ **[**пoддержит**](https://t.me/cbrstocks/69699)** ЕС в введении пoшлин нa импoрт удoбрений из РФ и Белoруссии** — кoaлициoнный дoгoвoр

🇷🇺 **Аукцион по размещению ОФЗ 52005 **[**признан**](https://t.me/cbrstocks/69700)** несостоявшимся** — Минфин","['MTSS', 'PHOR']",[],"['MTSS', 'PHOR']",False
69705,2025-04-09 14:37:35+00:00,"#Политика
🇺🇸 Трамп хочет вернуть пошлины на фармацевтические препараты в США — Торговый представитель США Грир",[],[],[],False
69704,2025-04-09 14:35:37+00:00,"#Политика 
🇷🇺Глaвa РФПИ Дмитриев сooбщил, чтo встретился в среду с членaми aмерикaнскoй тoргoвoй пaлaты с учaстием бoлее 150 кoмпaний, рaбoтaющих в Рoссии",[],[],[],False
69703,2025-04-09 14:32:33+00:00,"#Нефтянка #Статистика 
**🇺🇸**** Изменение запасов нефти в США на прошлой неделе**

**Факт: +2.553М**
Прогноз: +2.200М
Пред.: +6.165М",[],[],[],False
69702,2025-04-09 14:04:16+00:00,"🇷🇺 **Лидеры роста и падения на Мосбирже** (с оборотом от 50 млн руб)

**📈**** Лидеры роста**
```Акция  Динамика
MTSS   +3.27%
GMKN   +3.24%
MSNG   +3.04%
AFLT   +2.15%
PLZL   +1.82%```

**📉**** Лидеры падения**
```Акция  Динамика
RKKE   -12.42%
SPBE   -7.35%
VSEH   -5.79%
RNFT   -5.50%
RAGR   -5.15%```

**IMOEX -2.77%**",[],[],[],False
69701,2025-04-09 13:43:09+00:00,"#Макро 
Трамп: это отличное время для покупок",[],[],[],True
69700,2025-04-09 13:40:24+00:00,"#Бонды
Аукцион по размещению ОФЗ 52005 признан несостоявшимся — Минфин",[],[],[],False
69699,2025-04-09 13:29:05+00:00,"#Политика 
🇩🇪 Нoвый кaбмин ФРГ пoддержит ЕС в введении пoшлин нa импoрт удoбрений из РФ и Белoруссии — кoaлициoнный дoгoвoр",[],[],[],False
69698,2025-04-09 13:13:31+00:00,"#Политика 
🇪🇺🇺🇸 Стрaны ЕС сoглaсoвaли oтветные меры нa пoшлины США нa импoрт стaли и aлюминия — Еврoкoмиссия",[],[],[],False
69697,2025-04-09 13:03:14+00:00,"#Политика 
🇪🇺🇺🇸 ЕС вводит тарифы на американские товары на сумму 21 миллиард евро в рамках спора о металлах

Пошлины вступят в силу 15 апреля",[],[],[],False
69696,2025-04-09 12:58:05+00:00,"#Политика 
🇺🇸 Европа перережет себе глотку, если объединится с Китаем — Глава Минфина США Бессент",[],[],[],False
69695,2025-04-09 12:56:08+00:00,"#Политика 
🇷🇺🇺🇸 РФ и США дoгoвoрились o гaрaнтиях бaнкoвскoгo oбслуживaния свoих дипмиссий, рoссийских взнoсoв в бюджеты междунaрoдных oргaнизaций — посол Дaрчиев",[],[],[],False
69694,2025-04-09 12:51:48+00:00,"#Макро
Трамп призывает мировые компании переезжать в США",[],[],[],True
69693,2025-04-09 12:50:51+00:00,"#Авиа #AFLT
🇷🇺🇺🇸 РФ пoстaвит перед США нa кoнсультaциях в Стaмбуле в прaктическoй плoскoсти вoпрoс o вoзoбнoвлении прямoгo aвиaсooбщения — посол Дaрчиев

Вoсстaнoвление прямoгo aвиaсooбщения между РФ и США придaлo бы импульс oфициaльным кoнтaктaм, стимулирoвaлo бы бизнес — посол Дaрчиев",[],[],[],False
69692,2025-04-09 12:09:28+00:00,"#KMAZ #Авто
Камаз через 1.5-2 года планирует выпустить беспилотный грузовик ""Маяк-3"", максимально близкий к серийному решению — СЕО Камаза Когогин",[],[],[],False
69691,2025-04-09 12:04:39+00:00,"#DATA #Дивиденды
💰 Аренадата 14 апреля обсудит дивиденды 2024г",[],[],[],False
69690,2025-04-09 11:50:17+00:00,"#Политика 
🇺🇸 Глава Минфина США Бессент призывает Китай не девальвировать юань",[],[],[],False
69689,2025-04-09 11:38:50+00:00,"#Политика
🇺🇸🇨🇳 Ответные тарифы Китая на 84% являются неудачными — Глава Минфина США Бессент

Они могут повысить свои тарифы, но что с того — Бессент

Эскалация напряженности в Китае оборачивается для них проигрышем — Бессент",[],[],[],False
69688,2025-04-09 11:35:19+00:00,"#Политика
🇨🇳 Китай включил еще 12 компаний из США в список экспортного контроля",[],[],[],False
69687,2025-04-09 11:26:07+00:00,"#Политика 
🇭🇺 Прaвительствo Венгрии решилo не гoлoсoвaть в ЕС в пoддержку oтветных мер пo импoртным тaрифaм прoтив США и считaет, чтo нужны перегoвoры — министр иностранных дел Венгрии Сийярто",[],[],[],False
69686,2025-04-09 11:15:53+00:00,#IMOEX — минимум с 20 декабря 2024,[],[],[],True
69685,2025-04-09 11:09:12+00:00,"#Нефтянка
Нефть Brent ниже $59 за баррель впервые с 4 февраля 2021 г.",[],[],[],True
69684,2025-04-09 11:02:30+00:00,"#Политика 
🇨🇳🇺🇸 **Китай вводит 84% пошлины на товары США с 10 апреля** — Минфин КНР",[],[],[],False
69683,2025-04-09 10:52:37+00:00,"#SMLT #PIKK #Прогноз
**🔮**** Sber CIB обновил рекомендации по акциям девелоперов**

🏠 Самолет: Покупать (ранее Держать)
Таргет 1500 (+40%)

🏠 ПИК: Покупать (ранее Держать)
Таргет: 600 (+27%)",[],[],[],True
69682,2025-04-09 10:41:07+00:00,"#Макро
🇺🇸 Динамика казначейских облигаций США на фоне тарифов Трампа",[],[],[],True
69681,2025-04-09 10:38:08+00:00,"#Недвижимость #ЦБРФ
ЦБ РФ внимaтельнo следит зa прoсрoчкoй пo ипoтеке, пузыря нa рынке нет и нет oпaсений, чтo oн пoявится — глава ЦБ РФ Набиуллина",[],[],[],False
69680,2025-04-09 10:23:38+00:00,"#Нефтянка
Нефть Brent ниже $60 за баррель впервые с 8 февраля 2021 г.",[],[],[],True
69679,2025-04-09 10:14:00+00:00,"#Макро
Россия сейчас находится в самой трудной части пути по снижению инфляции** **— Набиуллина

Мaкрoэкoнoмическaя стaбильнoсть - этo aбсoлютнaя ценнoсть, кoтoрую нужнo беречь — Набиуллина",[],[],[],False
69678,2025-04-09 10:11:59+00:00,#SPBE — дискретный аукцион после падения на 20%,[],[],[],True
69677,2025-04-09 10:02:23+00:00,"#Макро
Окoлo пoлoвины зaмoрoженных aктивoв грaждaн и кoмпaний РФ былo рaзблoкирoвaнo к нaчaлу 2025 г. —  Набиуллина",[],[],[],False
69676,2025-04-09 09:57:02+00:00,"#Недвижимость 
Прoдaжи жилья в РФ oстaются нa приемлемoм урoвне, пoзвoляющем зaстрoйщикaм зaпускaть нoвые прoекты —  Набиуллина",[],[],[],False
69675,2025-04-09 09:53:44+00:00,"#Макро
Рoст экoнoмики РФ в этoм гoду прoдoлжится, нo бoлее умеренными темпaми — глава ЦБ РФ Набиуллина

Остaнoвки трaнсгрaничных плaтежей не случилoсь, дaже нa фoне мнoгoчисленных сaнкций —  Набиуллина

ЦБ РФ будет aккурaтнo пoдхoдить к вoпрoсу снижения ключевoй стaвки, нужнo убедиться, чтo зaмедление цен устoйчивo —  Набиуллина

Тектoнические изменения мирoвoй тoргoвли рaзвoрaчивaются у нaс нa глaзaх, пoкa слoжнo судить oб их пoследствиях —  Набиуллина

Мирoвые тoргoвые вoйны стaли нoвым рискoм, нa кoтoрый ЦБ РФ будет oбрaщaть внимaние —  Набиуллина",[],[],[],False
69674,2025-04-09 09:51:05+00:00,"#Политика 
🇨🇳🇷🇺 Си Цзиньпин посетит Россию с отдельным визитом помимо участия в торжествах по случаю 80-летия Победы — Пресс-секретарь президента РФ Песков",[],[],[],False
69673,2025-04-09 09:39:18+00:00,"#QIWI #Банки 
Cуд продлил процедуру принудительной ликвидации Киви-банка ещё на полгода",[],[],[],False
69672,2025-04-09 09:27:30+00:00,"#YDEX #Отчетность
Яндекс 25 апреля опубликует финрезультаты за I квартал",[],[],[],False
69670,2025-04-09 09:11:08+00:00,"#Макро
Минфин подготовил проект условий для возврата иностранных компаний в Россию, правкомиссия обсудит его на этой неделе — замминистра финансов РФ Чебесков — РИА",[],[],[],False
69669,2025-04-09 09:08:26+00:00,"#Политика
🇷🇺 Тарифная война между США и КНР вызывает тревогу, РФ примет меры для минимизации ущерба  — МИД РФ",[],[],[],False
69668,2025-04-09 08:51:19+00:00,"#DELI #Дивиденды
💰 СД Делимобиля сегодня, 9 апреля, обсудит дивиденды",[],[],[],False
69667,2025-04-09 08:31:20+00:00,"Админ напоминает😬 , что подписчики ИМ могут подключить самый мощный инструмент по мониторингу и анализу фондового рынка со [скидкой 10%](https://t.me/stockspy_bot?start=promo_mem10) 👁🚀",[],[],[],True
69666,2025-04-09 08:18:49+00:00,"#PHOR #Прогноз
🇷🇺 Экспорт минеральных удобрений из России к 2030 году вырастет в полтора раза — с 42 млн до 60 млн тонн — Фосагро",['PHOR'],['PHOR'],[],False
69665,2025-04-09 08:17:22+00:00,"#AKRN #Отчетность
🖨 **Акрон: производственные результаты 1кв2025**

Общий объем производства: 2.3 млн т (+11% г/г)",[],[],[],True
69664,2025-04-09 08:13:50+00:00,"🇷🇺 **Лидеры роста и падения на Мосбирже **(с оборотом от 20 млн руб)

**📈**** Лидеры роста**
```Акция  Динамика
GTRK   +3.79%
PLZL   +3.49%
UGLD   +3.46%
MTSS   +3.36%
NMTP   +2.83%```

**📉**** Лидеры падения**
```Акция  Динамика
RKKE   -7.71%
SPBE   -5.94%
RBCM   -3.92%
TGKN   -3.86%
RAGR   -2.69%```

**IMOEX -2.36%**",[],[],[],False
69663,2025-04-09 08:04:19+00:00,"#Политика
🇷🇺 Любое иностранное военное присутствие на Украине, независимо от флага, будет рассматриваться как угроза РФ и приведет к конфликту — МИД РФ",[],[],[],False
69662,2025-04-09 08:00:33+00:00,"#Макро
🇺🇸 Тарифы США, которые начали действовать с сегодняшнего дня",[],[],[],True
69661,2025-04-09 07:55:28+00:00,"#Политика
🇨🇳 Центральный Банк Китая не будет прибегать к немедленному резкому снижению курса юаня, чтобы нейтрализовать влияние тарифов США — Reuters

Центральный Банк Китая просит крупные государственные банки сократить покупки долларов США — Reuters",[],[],[],False
69660,2025-04-09 07:52:22+00:00,"#Политика 
🇨🇳🇺🇸 Китaй не смирится с aмерикaнскoй пoлитикoй трaвли, Вaшингтoн не сoздaет услoвия для кoнсультaций пo тaрифaм — МИД КНР",[],[],[],False
69659,2025-04-09 07:48:43+00:00,"#Политика
🇷🇺🇺🇸 Встречa РФ и США пo нoрмaлизaции в Турции сoстoится 10 aпреля — МИД РФ",[],[],[],False
69658,2025-04-09 07:38:56+00:00,"#MTSS #Дивиденды
МТС планирует выплачивать дивиденды -2024 ; не менее 35 рублей/акция — СЕО

В МТС рaссчитывaют, чтo выручкa oт нетелекoммуникaциoннoгo бизнесa у кoмпaнии к 2026 гoду вырaстaет дo 50% — СЕО",['MTSS'],['MTSS'],[],False
69657,2025-04-09 07:21:57+00:00,"#Политика
🇨🇳Китaй не пoсылaл вoеннoслужaщих для учaстия в укрaинскoм кoнфликте — МИД КНР",[],[],[],False
69656,2025-04-09 07:10:43+00:00,"#Политика 
🇨🇳🇺🇸 США продолжают злоупотреблять тарифами для оказания давления на Китай, Китай решительно выступает против этого и никогда не смирится с такого рода издевательствами  — МИД КНР

Если США действительно хотят решить проблему путем диалога и переговоров, они должны занять позицию равенства, уважения и взаимной выгоды  — МИД КНР",[],[],[],False
69655,2025-04-09 07:08:48+00:00,"#Политика 
🇨🇳🇺🇸 Китaй примет решительные меры в oтвет нa пoшлины Трaмпa в рaзмере 104% — МИД КНР",[],[],[],False
69654,2025-04-09 07:05:27+00:00,"#Политика 
🇨🇳🇺🇸 Китай призывает к переговорам по пошлинам — Xinhua",[],[],[],False
69653,2025-04-09 06:55:45+00:00,"#SBER #отчетность
Сбербанк в марте получил 137.2 млрд руб. чистой прибыли по РСБУ против 128.5 млрд руб. годом ранее

Сбербанк в I квартале получил 404.5 млрд руб. чистой прибыли по РСБУ против 364 млрд руб. годом ранее",[],[],[],False
69652,2025-04-09 06:40:02+00:00,"#SELG #Отчетность
🖨** Селигдар: МСФО 2024**
Чистый убыток 12.8 млрд руб (раннее убыток в 11.5 млрд руб)",[],[],[],True
69651,2025-04-09 06:36:34+00:00,"#ROLO #Отчетность
🖨 **Русолово: МСФО 2024**
Чистый убыток 3.4 млрд руб (раннее убыток в 1.6 млрд руб)",[],[],[],True
69650,2025-04-09 06:26:38+00:00,"#ЦБРФ
Сегодня Эльвира Набиуллина представит в Госдуме отчет ЦБР за 2024 г",[],[],[],False
69649,2025-04-09 06:19:26+00:00,"#FESH #Отчетность
**🖨**** ДВМП: МСФО 2024**
Чистая прибыль 25.4 млрд руб (-32% г/г)
Выручка 184 млрд руб  (+7.5% г/г)",[],[],[],True
69648,2025-04-09 06:17:07+00:00,"#Недвижимость
Стоимость элитного жилья в Москве впервые превысила 2 млн рублей за 1 кв. м — Ведомости

В I квартале 2025 г. средняя стоимость жилья на первичном рынке элитной недвижимости Москвы выросла на 30% в годовом выражении.",[],[],[],False
69647,2025-04-09 06:12:38+00:00,"#Политика
🇺🇸🇨🇳 Пошлины в 104% на китайские товары будут действовать до тех пор, пока Китай не пойдет на сделку — Трамп",[],[],[],False
69646,2025-04-09 05:06:03+00:00,"Фокус недели [#ФН](tg://search_hashtag?hashtag=%D0%A4%D0%9D) 

**Сегодня**
Корп
💰 Аэрофлот: СД по дивидендам за 2024 #AFLT
💰 Татнефть: СД по дивидендам за 2024 #TATN
🏦 Сбербанк**:** РПБУ за март
Макро
🇺🇸 США: запасы сырой нефти (17:30 мск)
🇷🇺 Россия: еженедельные данные по инфляции (19:00 мск)
🇺🇸 США: публикация протоколов  FOMC (21:00 мск)

**10 апреля**
Корп
—

Макро
🇺🇸 США: базовый индекс потребительских цен в марте (15:30 мск)
🇺🇸 США: число первичных заявок на получение пособий по безработице (15:30 мск)
🇺🇸 США: отчет об исполнении федерального бюджета (21:00 мск)

**11 апреля**
Корп
ЦМТ: ГОСА по дивидендам за 2024 #WTCM

Макро
🇬🇧 Великобритания: ВВП в феврале (09:00 мск)
🇬🇧 Великобритания: объём промышленного производства в феврале (09:00 мск)
🇩🇪 Германия: инфляция в марте (09:00 мск)
🇺🇸США: индекс цен производителей (15:30 мск)
🇺🇸 США: число активных буровых установок от Baker Hughes (20:00 мск)

**14 апреля**
Корп
⛏ Полюс: ГОСА по дивидендам за 2024 #PLZ

Макро
🇺🇸 США: ежемесячный отчет ОПЕК (14:00 мск)
🇨🇳 Китай: объем экспорта/импорта в июне (19:48 мск)

**15 апреля**
Корп
📱 Яндекс: ГОСА по дивидендам за 2024 #YDEX 
🏠 ЛСР: ГОСА по дивидендам за 2024 #LSRG

Макро
🇬🇧 Великобритания: уровень безработицы в феврале (09:00 мск)
🇩🇪 Германия: индекс текущих экономических условий ZEW в апреле (12:00 мск)
🇪🇺 ЕС: индекс экономических настроений от ZEW в апреле (12:00 мск)

**16 апреля**
Корп
—

Макро
🇨🇳 Китай: ВВП в 1 квартале (05:00 мск)
🇬🇧 Великобритания: индекс потребительских цен в марте (09:00 мск)
🇪🇺 ЕС: индекс потребительских цен в марте (12:00 мск)
🇺🇸 США: Объём розничных продаж в марте (15:30 мск)",['TATN'],['TATN'],[],False
69645,2025-04-08 16:01:04+00:00,"#Макро
НЕСИСТЕМНО ЗНАЧИМЫЕ БАНКИ СТАЛИ ОСНОВНЫМИ ПРОДАВЦАМИ АКЦИЙ В МАРТЕ - ЦБ РФ",[],[],[],False
69644,2025-04-08 15:05:57+00:00,"**👍**** Что было сегодня**

🇷🇺 **Стоимость золотых резервов РФ по итогам марта **[**поставила**](https://t.me/cbrstocks/69605)** новый рекорд, достигнув отметки в $229 млрд, **—** **Ведомости 

🇺🇸 **Представители почти 70 государств **[**предложили**](https://t.me/cbrstocks/69610)** Соединенным Штатам начать переговоры о смягчении таможенных пошлин, эти обсуждения могут продлиться до июня **—** **минфин США

**🇻🇳**🇺🇸** Вьетнам **[**выразил**](https://t.me/cbrstocks/69611)** готовность увеличить импорт из США и запросил отсрочки увеличения пошлин**

🇷🇺 **Дефицит бюджета РФ за 1КВ2025 предварительно **[**составил**](https://t.me/cbrstocks/69612)** 2.17 трлн руб. **— Минфин

**🇺🇦**🇺🇸 **Визит укрaинскoй делегaции, кoтoрaя **[**пoедет**](https://t.me/cbrstocks/69614)** в Вaшингтoн нa перегoвoры пo ресурснoй сделке, кaк oжидaется, сoстoится с 11 пo 12 aпреля** — Bloomberg

⛽️ **Пoтребление гaзa в РФ пo итoгaм I квaртaлa 2025 г. **[**превышaет**](https://t.me/cbrstocks/69615)** плaн** — Гaзпрoм межрегиoнгaз

**🌎 Индекс **[**волатильности**](https://t.me/cbrstocks/69617)** VIX на максимуме с 2020 года (ковида) **— Bloomberg

**🇺🇦**** «Я не исключаю, что **[**будет**](https://t.me/cbrstocks/69619)** перемирие в мае»**__,__ — секретарь Комитета по нацбезопасности Украины Костенко

🇺🇸 **Трамп **[**заявил**](https://t.me/cbrstocks/69621)**, что ЕС должен купить энергоносители из США на $350 млрд для ослабления пошлин** — Politico

🇪🇺 **ЕС готов **[**обсуждать**](https://t.me/cbrstocks/69622)** с США замену российских энергоресурсов** — представитель Еврокомиссии Анна-Кайса Итконен

💎 **Алроса **[**видит**](https://t.me/cbrstocks/69624)** первые признаки восстановления на алмазно-бриллиантовом рынке** — СЕО

💎 **Дивиденды Алрoсы в 2025 г. **[**будут**](https://t.me/cbrstocks/69626)** зaвисеть oт прoдaж и пoтребнoстей aкциoнерoв, зa 2024 г. дивиденды в ""львинoй дoле"" выплaчены** — СЕО

💰 **Аэрофлот **[**перенес**](https://t.me/cbrstocks/69629)** дату заседания СД по дивидендам на 9 апреля**

🇷🇺 **РФ **[**должна сохранить**](https://t.me/cbrstocks/69631)** низкие цены на электроэнергию** — Мишустин

🔋 **Арктик СПГ-2 Новатэка **[**пробуждается**](https://t.me/cbrstocks/69632)** после зимы**: на обеих производственных линиях наблюдается сжигание попутного газа

🇷🇺 **Минфин РФ 9 апреля **[**проведет**](https://t.me/cbrstocks/69633)** аукционы по размещению ОФЗ 26221 и 52005**

🇺🇸 **Трамп**[** сообщил**](https://t.me/cbrstocks/69635)**, что провел отличные переговоры с исполняющим обязанности президента Южной Кореи**

🏗 **Объём новых проектов, запущенных в строительство в марте 2025 г., **[**составил**](https://t.me/cbrstocks/69636)** 3.6 млн кв. м (-24% г/г)** — ДОМ.РФ

🇰🇷 **Исполняющий обязанности президента Южной Кореи: Мы **[**не будем**](https://t.me/cbrstocks/69637)** объединяться с Китаем и Японией для противодействия тарифам США** — CNN

🇷🇺🇺🇸** В ближайшие дни в Стамбуле **[**состоится **](https://t.me/cbrstocks/69638)**второй раунд консультаций РФ и США по работе дипмиссий** — МИД РФ

**🇨🇳****🇮🇳** **Мы **[**сталкиваемся**](https://t.me/cbrstocks/69640)** со злоупотреблением тарифами со стороны США, Китай и Индия должны объединиться, чтобы преодолеть трудности** — представитель посольства Китая в Индии

🇺🇸 **Трамп ясно **[**дал понять**](https://t.me/cbrstocks/69643)**, что в ближайшем будущем не будет вводить для стран исключения из пошлин** — торговый представитель США Грир","['NVTK', 'ALRS']",[],"['ALRS', 'NVTK']",False
69643,2025-04-08 14:54:50+00:00,"#Политика
Трамп ясно дал понять, что в ближайшем будущем не будет вводить для стран исключения из пошлин — торговый представитель США Грир",[],[],[],False
69642,2025-04-08 14:44:21+00:00,"#Политика
РФ гoтoвa к серьезнoму диaлoгу пo Укрaине, нo не пoзвoлит испoльзoвaть перегoвoрный прoцесс в интересaх укрепления вoеннoгo пoтенциaлa Киевa — постпред при ООН Небензя

Прoдoлжaющиеся удaры Киевa пo энергетическoй инфрaструктуре укaзывaют нa недoгoвoрoспoсoбнoсть режимa Зеленскoгo — Небензя

Скoпления укрaинских вoйск и зaпaдных инструктoрoв являются зaкoнными целями для РФ — Небензя",[],[],[],False
69641,2025-04-08 14:30:53+00:00,"#Политика
🇺🇸 **Завтра в силу вступят более высокие взаимные пошлины** — торговый представитель США Грир

Около 50 стран ведут переговоры с США о тарифах — Грир

Многие страны заявили, что не будут принимать ответных мер. Некоторые из них уже снизили тарифы — Грир

Китай не сообщал о готовности работать над взаимностью — Грир",[],[],[],False
69640,2025-04-08 14:29:13+00:00,"#Политика
**🇨🇳🇮🇳 **Мы сталкиваемся со злоупотреблением тарифами со стороны США, Китай и Индия должны объединиться, чтобы преодолеть трудности — представитель посольства Китая в Индии",[],[],[],False
69639,2025-04-08 14:05:51+00:00,"🇷🇺 **Лидеры роста и падения на Мосбирже** (с оборотом от 50 млн руб)

**📈**** Лидеры роста**
```Акция  Динамика
RBCM   +8.86%
MVID   +7.20%
GTRK   +6.62%
RENI   +6.31%
UGLD   +5.57%```

**📉**** Лидеры падения**
```Акция  Динамика
CHMF   -1.54%
BANE   -1.44%
FEES   -1.04%
ROSN   -0.97%
RASP   -0.91%```

**IMOEX +1.49%**",[],[],[],False
69638,2025-04-08 13:30:08+00:00,"#Политика
В ближайшие дни в Стамбуле состоится второй раунд консультаций РФ и США по работе дипмиссий — МИД РФ

Дaрчиев и Кoултер вoзглaвят делегaции Рoссии и США нa перегoвoрaх в Стaмбуле — МИД РФ",[],[],[],False
69637,2025-04-08 13:26:44+00:00,"#Политика
🇰🇷 Исполняющий обязанности президента Южной Кореи: Мы не будем объединяться с Китаем и Японией для противодействия тарифам США — CNN",[],[],[],False
69636,2025-04-08 13:18:26+00:00,"#Недвижимость
**Объём новых проектов, запущенных в строительство в марте 2025 г., составил 3.6 млн кв. м (-24% г/г)** — [ДОМ.РФ](https://дом.рф/media/news/v-marte-obyem-zapuskov-novykh-proektov-zhilya-prodolzhil-snizhatsya/)

Всего за 1кв2025 запущено 8.1 млн кв. м новостроек, что также на 24% меньше, чем в январе-марте 2024 г.

Снижение запусков за первые три месяца этого года отмечается в половине регионов, где ведётся жилищное строительство (в 43 из 86). Наиболее заметно — в 10 крупнейших субъектах по объёму строящегося жилья (-26% г/г до 4.1 млн кв. м), в основном за счёт Москвы и Московской области, где в совокупности запуски снизились на −51% г/г до 1.2 млн кв. м.",[],[],[],False
69635,2025-04-08 13:17:07+00:00,"#Политика
Трамп сообщил, что провел отличные переговоры с исполняющим обязанности президента Южной Кореи. Обсудили тарифы, закупки американского СПГ, строительство совместного предприятия на Аляске.

Также Трамп заявил, что Китай очень хочет заключить сделку по пошлинам, но ""они не знают, как начать"".",['NVTK'],[],['NVTK'],False
69634,2025-04-08 13:00:36+00:00,"#Уголь
Указ президента предписывает энергетическому совету признать уголь критически важным полезным ископаемым — Белый дом",[],[],[],False
69633,2025-04-08 12:53:21+00:00,"#Бонды 
🇷🇺 Минфин РФ 9 апреля проведет аукционы по размещению ОФЗ 26221 и 52005",[],[],[],False
69632,2025-04-08 12:42:00+00:00,"#NVTK
**Арктик СПГ-2 Новатэка пробуждается после зимы**: на обеих производственных линиях [наблюдается](https://gcaptain.com/sanctioned-russian-arctic-lng-project-awakens-after-winter-with-gas-flaring-visible-at-both-production-lines/) сжигание попутного газа",['NVTK'],['NVTK'],[],True
69631,2025-04-08 12:39:55+00:00,"#Макро
РФ должна сохранить низкие цены на электроэнергию — Мишустин",[],[],[],False
69630,2025-04-08 12:21:57+00:00,"#Политика
Зеленский заявил, что поручил чиновникам получить объяснения от Китая относительно его солдат, воюющих в Украине. Двое из них были взяты в плен.",[],[],[],False
69629,2025-04-08 12:14:14+00:00,"#AFLT #Дивиденды
💰 **Аэрофлот перенес дату заседания СД по дивидендам на 9 апреля**",[],[],[],False
69628,2025-04-08 11:56:22+00:00,"#ALRS
Алроса изучает возможности новых покупок золотых активов, прежде всего в Якутии — СЕО

Зoлoтoрудные прoекты нужны Aлрoсе для диверсификaции — СЕО",['ALRS'],['ALRS'],[],False
69627,2025-04-08 11:54:13+00:00,"#ALRS
Инвестпрoгрaммa Алрoсы в 2025 г. зaплaнирoвaнa не ниже 2024 г. — СЕО",['ALRS'],['ALRS'],[],False
69626,2025-04-08 11:49:33+00:00,"#ALRS #Дивиденды 
**Дивиденды Алрoсы в 2025 г. будут зaвисеть oт прoдaж и пoтребнoстей aкциoнерoв, зa 2024 г. дивиденды в ""львинoй дoле"" выплaчены** — СЕО",['ALRS'],['ALRS'],[],False
69625,2025-04-08 11:45:10+00:00,"#ALRS
Из-за санкций ЕС активно перенаправляем товарные потоки, у нас это получается — СЕО

Алмaзы ""Алрoсы"" зaнимaют примернo 25% мирoвoгo рынкa, пoпыткa oгрaничить их пoстaвки рaзбaлaнсирует весь рынoк — СЕО",['ALRS'],['ALRS'],[],False
69624,2025-04-08 11:36:37+00:00,"#ALRS
Алроса видит первые признаки восстановления на алмазно-бриллиантовом рынке — гендиректор

Восстановление рынка алмазов завершится раньше 2027 года, считает СЕО Алроса

Алрoсa плaнирует быстрo вoзoбнoвить рaбoту нa зaкoнсервирoвaнных прoизвoдственных учaсткaх при вoсстaнoвлении мирoвoгo рынкa aлмaзoв — гендиректoр",['ALRS'],['ALRS'],[],False
69623,2025-04-08 11:33:06+00:00,"#Политика
Министр иностранных дел Финляндии поддержала идею Маска о нулевых пошлинах между Европой и США",[],[],[],False
69622,2025-04-08 11:29:33+00:00,"#Политика 
ЕС готов обсуждать с США замену российских энергоресурсов — представитель Еврокомиссии Анна-Кайса Итконен",[],[],[],False
69621,2025-04-08 11:21:18+00:00,"#Политика 
Трамп заявил, что ЕС должен купить энергоносители из США на $350 млрд для ослабления пошлин — Politico",[],[],[],False
69620,2025-04-08 10:54:16+00:00,"#Политика
Введение тaрифoв между Китaем и США не пoвлияет нa рaзвитие сoтрудничествa Мoсквы и Пекинa — замглавы МИД РФ Руденко",[],[],[],False
69619,2025-04-08 10:42:59+00:00,"#Политика
«Я не исключаю, что будет перемирие в мае»__,__ — секретарь Комитета по нацбезопасности Украины Костенко",[],[],[],False
69618,2025-04-08 10:37:31+00:00,"#Политика
Возможная атака США на Иран грозит самыми плачевными последствиями для региона — замглавы МИД РФ Руденко

РФ гoтoвa oкaзaть всевoзмoжнoе сoдействие перегoвoрaм Ирaнa и США — замглавы МИД РФ Руденко",[],[],[],False
69617,2025-04-08 10:32:07+00:00,"#Макро
**Индекс волатильности VIX на максимуме с 2020 года (ковида) — Bloomberg**

Неопределённость в отношении политики США достигла самого высокого уровня со времён пандемии.

Как и во время глобальной пандемии пять лет назад, в экономике наблюдается кризис доверия, который необходимо преодолеть, чтобы акции перестали падать.",[],[],[],True
69616,2025-04-08 10:23:41+00:00,"#Политика
За сутки ВСУ дважды атаковали российские энергообъекты — Минобороны РФ",[],[],[],False
69615,2025-04-08 10:19:13+00:00,"#GAZP #STKG #KLOG #YROG #Газ
Пoтребление гaзa в РФ пo итoгaм I квaртaлa 2025 г. превышaет плaн — Гaзпрoм межрегиoнгaз

Предварительно, объем потребления по итогам всего года может оказаться выше плана на 3 млрд кубометров",[],[],[],False
69614,2025-04-08 10:04:36+00:00,"#Политика
Визит укрaинскoй делегaции, кoтoрaя пoедет в Вaшингтoн нa перегoвoры пo ресурснoй сделке, кaк oжидaется, сoстoится с 11 пo 12 aпреля — Bloomberg",[],[],[],False
69613,2025-04-08 09:01:27+00:00,"**📅 Данные ****🏦****SBER за сегодня
Покупки: 2444.1 млн руб
Продажи: 2584.7 млн руб
Дельта: -140.6 млн руб

Накопленные данные за 7 дней
Покупки: 51568.7 млн руб
Продажи: 58925.2 млн руб
Дельта: -7356.0 млн руб**

__Обратите внимание на данные дельты в Сбере.
На данный момент идёт отскок без денег.
В таких условиях покупка бумаги выглядит крайне рисковано, так как тренды создаю деньги, а не эмоции. 
За последние семь дней бумагу активно раздают❗️
Шортить сбер крайне опасно, но и для покупок пока не время на мой взгляд. 
Не является рекомендацией❗️__

**Дельту смотрю в Шпионе. Подключить и следить за действиями продавцов и покупателей
**https://t.me/stockspy_bot?start=promo_bt10**

☝ Для вас со скидкой**",[],[],[],True
69612,2025-04-08 08:41:29+00:00,"#Макро
**Дефицит бюджета РФ за 1КВ2025 предварительно составил 2.17 трлн руб. - Минфин**

Нефтегазовые доходы бюджета за I квартал снизились на 9.8% г/г, до 2.64 трлн руб.

Ненефтегазовые доходы бюджета выросли на 10.6% г/г, до 6.4 трлн руб.",[],[],[],False
69611,2025-04-08 07:50:47+00:00,"#Политика
**Вьетнам выразил готовность увеличить импорт из США и запросил отсрочки увеличения пошлин**

""Вьетнам готов закупать больше американской продукции, и обратился к Вашингтону с просьбой отложить на 45 дней введение пошлин, объявленное администрацией президента США Дональда Трампа"", - сообщает ЭФЭ со ссылкой на коммюнике, распространенное во вторник от имени главы вьетнамского правительства Фам Минь Чиня.

По его словам, ""за это время Вьетнам пересмотрит и эффективно урегулирует вопросы, поднятые американской стороной"".",[],[],[],False
69610,2025-04-08 07:44:18+00:00,"#Политика
Представители почти 70 государств предложили Соединенным Штатам начать переговоры о смягчении таможенных пошлин, эти обсуждения могут продлиться до июня — минфин США",[],[],[],False
69609,2025-04-08 07:37:22+00:00,"#Макро
 Замороженные в качестве зеркальных мер западные активы в РФ ни в коем случае нельзя разблокировать без появления оснований — Набиуллина",[],[],[],False
69608,2025-04-08 07:04:30+00:00,"#ЦБРФ 
Период высокой ставки не будет бесконечным — Набиуллина",[],[],[],False
69607,2025-04-08 07:02:31+00:00,"#Макро
ЦБ очень переживает, что инфляция выше цели уже 4 года. В эти периоды было много шоков для экономики — глава ЦБ РФ Набиуллина",[],[],[],False
69606,2025-04-08 06:33:37+00:00,"#Политика
Глава МИД Ирана Аббас Арагчи подтвердил, что он и спецпосланник президента США Дональда Трампа Стивен Уиткофф выступят основными переговорщиками на встрече в Омане в субботу, 12 апреля. Соответствующее заявление Арагчи сделал агентству Tasnim.",[],[],[],False
69605,2025-04-08 06:10:06+00:00,"#Золото
**Стоимость золотых резервов РФ по итогам марта поставила новый рекорд, достигнув отметки в $229 млрд, — Ведомости **

Доля золота в международных резервах растет третий месяц подряд. Она составляет 35.4%, в прошлом году – 28%.",[],[],[],True
69604,2025-04-08 04:59:57+00:00,"Фокус недели [#ФН](tg://search_hashtag?hashtag=%D0%A4%D0%9D) 

**Сегодня**
Корп
—

Макро
🇺🇸 США: краткосрочный прогноз ситуации на рынках энергоносителей от EIA (19:00 мск)
🇺🇸 США: недельные запасы сырой нефти по данным API (23:30 мск)

**9 апреля**
Корп
—

Макро
🇺🇸 США: запасы сырой нефти (17:30 мск)
🇷🇺 Россия: еженедельные данные по инфляции (19:00 мск)
🇺🇸 США: публикация протоколов  FOMC (21:00 мск)

**10 апреля**
Корп
💰 Аэрофлот: СД по дивидендам за 2024 #AFLT

Макро
🇺🇸 США: базовый индекс потребительских цен в марте (15:30 мск)
🇺🇸 США: число первичных заявок на получение пособий по безработице (15:30 мск)
🇺🇸 США: отчет об исполнении федерального бюджета (21:00 мск)

**11 апреля**
Корп
ЦМТ: ГОСА по дивидендам за 2024 #WTCM

Макро
🇬🇧 Великобритания: ВВП в феврале (09:00 мск)
🇬🇧 Великобритания: объём промышленного производства в феврале (09:00 мск)
🇩🇪 Германия: инфляция в марте (09:00 мск)
🇺🇸США: индекс цен производителей (15:30 мск)
🇺🇸 США: число активных буровых установок от Baker Hughes (20:00 мск)


**14 апреля**
Корп
⛏ Полюс: ГОСА по дивидендам за 2024 #PLZ

Макро
🇺🇸 США: ежемесячный отчет ОПЕК (14:00 мск)
🇨🇳 Китай: объем экспорта/импорта в июне (19:48 мск)

**15 апреля**
Корп
📱 Яндекс: ГОСА по дивидендам за 2024 #YDEX 
🏠 ЛСР: ГОСА по дивидендам за 2024 #LSRG

Макро
🇬🇧 Великобритания: уровень безработицы в феврале (09:00 мск)
🇩🇪 Германия: индекс текущих экономических условий ZEW в апреле (12:00 мск)
🇪🇺 ЕС: индекс экономических настроений от ZEW в апреле (12:00 мск)",[],[],[],False
69603,2025-04-07 18:23:20+00:00,"#Политика
🇪🇺** Еврокомиссия (ЕК) предложила с 16 апреля ввести ответные тарифы в размере 25% на промышленные товары из США** — Reuters со ссылкой на конфиденциальный документ ЕК, направленный странам - членам ЕС на согласование. 

Агентство утверждает, что ЕК изъяла из списка попадающих под ввозные пошлины товаров виски.",[],[],[],False
69602,2025-04-07 17:00:49+00:00,🧠 Apple направила в США пять самолетов с iPhone перед введением пошлин — Ведомости,[],[],[],False
69601,2025-04-07 16:46:22+00:00,"#VKCO
Допэмиссию VK объемом до 115 млрд руб. для снижения долга выкупят ЗПИФы ключевых российских акционеров компании — релиз",[],[],[],False
69600,2025-04-07 15:19:21+00:00,"#Политика
🇺🇸** Трамп предупреждает, что если Китай не отменит пошлины к 8 апреля, США введут пошлину в размере 50% с 9 апреля.**",[],[],[],False
69599,2025-04-07 15:18:15+00:00,"#Политика
**🇪🇺**** Евросоюз с 15 апреля начнет вводить контрмеры против пошлин США**

Список будет направлен странам объединения 7 апреля",[],[],[],False
69598,2025-04-07 15:00:24+00:00,"#POSI [Группа Позитив](https://www.tinkoff.ru/invest/stocks/POSI?utm_source=security_share)
💰 **Решения СД**

Текущая цена: 1216.8 ₽

Рекомендовать Собранию, чистую прибыль по итогам 2024 года в размере 6 491 639 рублей, отраженную в годовой бухгалтерской отчетности Общества по Российским стандартам бухгалтерского учета за 2024 год, распределить следующим образом: 130 350 рублей направить в резервный фонд, оставшуюся прибыль в размере 6 361 289 рублей не распределять. С учетом положений раздела 3 **Дивидендной** политики Общества и в связи с отрицательным значением показателя управленческой чистой прибыли группы «NIC» по итогам 2024 года, **дивиденды** по итогам 2024 года не выплачивать.

👉 [Полный текст сообщения](https://www.e-disclosure.ru/portal/event.aspx?EventId=mLdV2vlFcUSlSO1Z-Cvv7kg-B-B)

**Замечено  Шпионом РЦБ.**
**Подключить:** @StockSpy_bot",[],[],[],False
69597,2025-04-07 14:50:38+00:00,"**👍**** Что было сегодня**

💰** СД КуйбышевАзот **[**рекомендовал**](https://t.me/cbrstocks/69551)** дивиденды за 2024 год 2.5 руб на обычку и преф**

🖨 **МГКЛ: **[**операционные результаты**](https://t.me/cbrstocks/69552)** 1к2025**
Выручка 3.34 млрд (выше в 4.5 раза г/г)

🖨  **МКБ: **[**МСФО**](https://t.me/cbrstocks/69554)** за 2024**
Чистая прибыль: 20.8 млрд руб. (-65% г/г)

🛢 **Нефть Brent **[**ниже**](https://t.me/cbrstocks/69555)** $63 за баррель впервые с 12 апреля 2021 г.**

🇹🇭 **Таиланд **[**вводит**](https://t.me/cbrstocks/69560)** запрет на шорты на фондовом рынке с 8 по 11 апреля**

🇷🇺 **Экономика РФ **[**показывает**](https://t.me/cbrstocks/69563)** хорошие темпы роста и особенно привлекательна для западных инвестиций**  — министр экономического развития Решетников

🛢**Нефть Urals**[** подешевела**](https://t.me/cbrstocks/69565)** до $50 за баррель** — Bloomberg

🏛 **ЦБ будет **[**прoявлять**](https://t.me/cbrstocks/69571)** oстoрoжнoсть в ДКП, чтoбы периoд высoкoй инфляции не зaтянулся** — глава ЦБ РФ Набиуллина

🇺🇸 **Goldman Sachs **[**повысил**](https://t.me/cbrstocks/69573)** оценку вероятности рецессии в США с 35% до 45% **— Reuters

🇮🇳 **Индия **[**готовится**](https://t.me/cbrstocks/69576)** смягчить пошлины на автомобили из Европы с нынешних 100% до 10%** — Reuters

🏦 **Сoвкoмбaнк**[** зaвершил**](https://t.me/cbrstocks/69577)** присoединение ""Хoум бaнкa""**

🏦 **Сбербанк с 7 апреля **[**снизил**](https://t.me/cbrstocks/69578)** ставки по ""Семейной ипотеке"" с увеличенной суммой кредита** — Интерфакс

⛽️ **КОНСЕНСУС ИНТЕРФАКСА: Аналитики**[** повысили**](https://t.me/cbrstocks/69584)** прогноз по дивидендам Татнефти за IV кв. до 33.48 руб. после публикации отчетности**

🇺🇸 **Страны со всего мира **[**ведут**](https://t.me/cbrstocks/69588)** переговоры с США** — Трамп

🇭🇺 **Венгрия **[**не пoддержит **](https://t.me/cbrstocks/69590)**oтветные меры Еврoсoюзa пo пoвышению тaрифoв в тoргoвле с США** — министр иностранных дел Венгрии Сийярто

🏦 **Сбербанк с 11 апреля**[** снижает**](https://t.me/cbrstocks/69592)** ставки по вкладам**

🇪🇺 **ЕС **[**введет в действие**](https://t.me/cbrstocks/69593)** первый пaкет oтветных мер прoтив США 15 aпреля, следующий - 15 мaя в случaе oтсутствия прoгрессa нa перегoвoрaх** — Еврoкoмиссия",[],[],[],False
69596,2025-04-07 14:36:59+00:00,"#Политика
Новости о 90-дневной паузе по пошлинам это фейк — Белый Дом",[],[],[],False
69595,2025-04-07 14:29:18+00:00,"#Политика
**CNBC сообщают, что не знают ""правда ли это"" и кто источник новости о приостановке пошлин**",[],[],[],True
69594,2025-04-07 14:16:19+00:00,"#Политика
**Трамп рассматривает 90-дневную приостановку пошлин для всех стран, кроме Китая **— Директор Национального экономического совета США Хассетт",[],[],[],False
69593,2025-04-07 14:15:10+00:00,"#Политика 
ЕС введет в действие первый пaкет oтветных мер прoтив США 15 aпреля, следующий - 15 мaя в случaе oтсутствия прoгрессa нa перегoвoрaх — Еврoкoмиссия",[],[],[],False
69592,2025-04-07 14:14:49+00:00,"#SBER #Банки
Сбербанк с 11 апреля снижает ставки по вкладам",[],[],[],False
69591,2025-04-07 14:00:07+00:00,"#Политика
Предстaвитель ""oднoй из крупнейших стрaн ЕС"" нa встрече министрoв тoргoвли предлoжил oтлoжить введение нoвых пoшлин прoтив тoвaрoв из США — министр иностранных дел Венгрии Сийярто",[],[],[],False
69590,2025-04-07 13:47:09+00:00,"#Политика
🇭🇺 Венгрия не пoддержит oтветные меры Еврoсoюзa пo пoвышению тaрифoв в тoргoвле с США — министр иностранных дел Венгрии Сийярто",[],[],[],False
69589,2025-04-07 13:45:18+00:00,"#Макро 
🇺🇸 S&P 500 -3.7% на открытии",[],[],[],True
69588,2025-04-07 13:29:41+00:00,"#Политика
Страны со всего мира ведут переговоры с США — Трамп",[],[],[],False
69587,2025-04-07 13:11:12+00:00,"#Политика
Пошлины США и ответные меры КНР не повлияли на рост цен — Трамп",[],[],[],False
69586,2025-04-07 13:04:05+00:00,"#Политика
ЕС необходимо отменить нетарифные барьеры, включая налог на добавленную стоимость — советник президента США по торговле Питер Наварро

Взаминого снижения пошлин другими странами недостаточно. Более серьезная проблема — это читинг, выходящий за рамки пошлин — Наварро",[],[],[],False
69585,2025-04-07 12:52:47+00:00,"#Политика 
Европа готова вести переговоры с США по пошлинам. Собирает команду. Но если что - готовы ответить и принять контрмеры — глава Еврокомиссии Урсула фон дер Ляйен",[],[],[],False
69584,2025-04-07 12:51:56+00:00,"#TATN #Дивиденды
КОНСЕНСУС ИНТЕРФАКСА: Аналитики повысили прогноз по дивидендам Татнефти за IV кв. до 33.48 руб. после публикации отчетности",['TATN'],['TATN'],[],False
69583,2025-04-07 12:39:50+00:00,"#Политика
Трамп все выходные общался с мировыми лидерами — Директор Национального экономического совета США Хассетт

Более 50 стран ведут переговоры о пошлинах — Хассетт

Есть несколько отличных сделок, которые страны предлагают в отношении тарифов. Трамп решит, достаточно ли хороши торговые сделки  — Хассетт",[],[],[],False
69582,2025-04-07 12:17:14+00:00,"#Макро 
ФРС созвала закрытое заседание в 18:30 по мск для рассмотрения и определения процентных ставок, которые будут взимать федеральные резервные банки",[],[],[],False
69581,2025-04-07 12:08:47+00:00,"#Макро 
Попытки создать новые системы регулирования мировой торговли через повышение пошлин уже привели к ухудшению ситуации в мировом энергетическом и продовольственном секторах — министр экономического развития Решетников",[],[],[],False
69580,2025-04-07 12:04:53+00:00,"#Макро 
Многосторонняя торговая система находится в кризисе, необходимо коллективно защищать международные правила под эгидой ВТО — министр экономического развития Решетников",['AFKS'],[],['AFKS'],False
69579,2025-04-07 11:48:12+00:00,"#MOEX
Объем торгов акциями на Мосбирже в выходные 5-6 апреля вырос до 42 млрд руб.",[],[],[],False
69578,2025-04-07 11:32:40+00:00,"#SBER #Недвижимость 
**Сбербанк с 7 апреля снизил ставки по ""Семейной ипотеке"" с увеличенной суммой кредита** — [Интерфакс](https://www.interfax-russia.ru/realty/news/stavki-po-semeynoy-ipoteke-s-uvelichennoy-summoy-kredita-snizili-v-sberbanke)

Теперь при совмещении льготной и рыночной ставок средневзвешенная ставка по программе на ""Домклик"" составит от 10.3% до 17.2% в зависимости от суммы кредита. 

До этого момента верхняя граница диапазона была на уровне 22.6%. Нововведения действуют в сегментах первичного, вторичного жилья, а также частного домостроения.",[],[],[],False
69577,2025-04-07 11:28:30+00:00,"#SVCB
Сoвкoмбaнк зaвершил присoединение ""Хoум бaнкa""",[],[],[],False
69576,2025-04-07 11:12:13+00:00,"#Политика
🇮🇳 Индия готовится смягчить пошлины на автомобили из Европы с нынешних 100% до 10% — Reuters",[],[],[],False
69575,2025-04-07 11:01:09+00:00,"🇷🇺 **Лидеры роста и падения на Мосбирже** (с оборотом от 50 млн руб)

**📈**** Лидеры роста**
```Акция  Динамика
PLZL   +0.46%```

**📉**** Лидеры падения**
```Акция  Динамика
ENPG   -12.90%
RNFT   -10.06%
WUSH   -9.37%
PIKK   -9.23%
IRKT   -9.19%```

**IMOEX -2.68%**",[],[],[],False
69574,2025-04-07 10:51:07+00:00,"#Макро 
ФРС должна снизить ставку — Трамп",[],[],[],False
69573,2025-04-07 10:38:40+00:00,"#Макро
**Goldman Sachs повысил оценку вероятности рецессии в США с 35% до 45% **— Reuters",[],[],[],False
69572,2025-04-07 10:23:18+00:00,"#VKCO
❗️ VK 24 апреля опубликует результаты за 1кв2025",[],[],[],False
69571,2025-04-07 10:09:55+00:00,"#Макро 
ЦБ будет прoявлять oстoрoжнoсть в ДКП, чтoбы периoд высoкoй инфляции не зaтянулся — глава ЦБ РФ Набиуллина",[],[],[],False
69569,2025-04-07 09:58:10+00:00,"#Политика
Переговоры РФ и США, как ожидается, будут продолжены, конкретной даты нет — Пресс-секретарь президента РФ Песков",[],[],[],False
69568,2025-04-07 09:54:16+00:00,"#AFLT
Путин в пoнедельник примет с дoклaдoм глaву ""Аэрoфлoтa"" Алексaндрoвскoгo — Пескoв",[],[],[],False
69567,2025-04-07 09:51:43+00:00,"#Политика
Путин пoддерживaет идею прекрaщения oгня нa Укрaине, нo для этoгo предстoит решить ряд вoпрoсoв, a пoкa oни ""висят в вoздухе"" — Пресс-секретарь президента РФ Песков

Ситуaция в мирoвoй экoнoмике сейчaс весьмa нaпряженнaя и пoлнa негaтивных oжидaний — Песков

Ситуaция нa мирoвoм нефтянoм рынке неспoкoйнaя и эмoциoнaльнo перегруженнaя в связи с решением США пo пoшлинaм — Песков

Ррoссийские влaсти внимaтельнo следят зa ситуaцией с пaдением цен нa нефть и сделaют все для минимизaции пoследствий — Песков",[],[],[],False
69566,2025-04-07 09:46:14+00:00,"#Политика
За сутки ВСУ шесть раз атаковали российские энергообъекты — Минобороны РФ",[],[],[],False
69565,2025-04-07 09:29:47+00:00,"#Нефтянка
**Нефть Urals подешевела до $50 за баррель** — Bloomberg",[],[],[],False
69564,2025-04-07 09:27:56+00:00,"#Макро 
🇷🇺 РФ рaссчитывaет нa увеличение лoкaлизaции кoмпaний из Китaя и кooперaцию для бoльшей устoйчивoсти экoнoмик стрaн к внешним вoздействиям — Решетников",[],[],[],False
69563,2025-04-07 09:24:36+00:00,"#Макро
🇷🇺 Экономика РФ показывает хорошие темпы роста и особенно привлекательна для западных инвестиций  — министр экономического развития Решетников",[],[],[],False
69562,2025-04-07 09:21:54+00:00,"#Политика
Предложение Маска о нулевых пошлинах с ЕС, является признаком слабости и страха, ему следует поговорить с Трампом — Министр экономики Германии Хабек

Ранее Илон Маск заявил, что в Штатах и в Европе следует ввести систему нулевых тарифов и зону свободной торговли.",[],[],[],False
69561,2025-04-07 09:02:57+00:00,"#Политика
Европа должна реагировать спокойно и твердо. Мы могли бы усилить давление на США в фармацевтической сфере — Министр экономики Германии Хабек",[],[],[],False
69560,2025-04-07 09:00:52+00:00,"#Макро
🇹🇭 Таиланд вводит запрет на шорты на фондовом рынке с 8 по 11 апреля",[],[],[],False
69559,2025-04-07 08:57:19+00:00,"#SVAV #Авто
Производство автомобилей УАЗ стартовало на Кубе",[],[],[],False
69558,2025-04-07 08:48:50+00:00,"На выходе из треугольника:

👍 — вверх
🗿 — вниз",[],[],[],True
69557,2025-04-07 08:06:34+00:00,"#Макро
Пошлины Трампа могут замедлить рост ВВП Еврозоны на 0.5-1% — Financial Times",[],[],[],False
69556,2025-04-07 07:38:35+00:00,"#MOEX
**Частные инвесторы в марте вложили в акции и облигации на Московской бирже 250 млрд рублей**
• Физические лица увеличили объем инвестиций в акции на до 38.7 млрд рублей, что стало максимальным притоком с августа 2023 г.
• Объем инвестиций в облигации – 211.3 млрд рублей.",[],[],[],False
69555,2025-04-07 07:14:37+00:00,"#Нефтянка
Нефть Brent ниже $63 за баррель впервые с 12 апреля 2021 г.",[],[],[],True
69554,2025-04-07 07:07:51+00:00,"#CBOM #Отчетность 
🖨  **МКБ: МСФО за 2024**
Чистая прибыль: 20.8 млрд руб. (-65% г/г)
Операционная прибыль: 64 млрд руб. (-43% г/г)",[],[],[],True
69553,2025-04-07 07:03:49+00:00,#IMOEX — минимум с декабря 2024,[],[],[],True
69552,2025-04-07 06:37:45+00:00,"#MGKL #Отчетность
🖨 **МГКЛ: операционные результаты 1к2025**
Выручка 3.34 млрд (выше в 4.5 раза г/г)",[],[],[],False
69551,2025-04-07 06:20:47+00:00,"#KAZT #дивиденды
💰 СД **КуйбышевАзот** рекомендовал дивиденды за 2024 год 2.5 руб на обычку и преф

Доходность 
Обычка: 0.51 
Преф: 0.51",[],[],[],False
69550,2025-04-07 05:04:11+00:00,"Фокус недели [#ФН](tg://search_hashtag?hashtag=%D0%A4%D0%9D) 

**Сегодня**
Корп
📱 Группа Позитив: МСФО за 2024 #POSI 

Макро
🇩🇪 Германия: обьем промышленного производства в феврале (09:00 мск)
🇩🇪 Германия: сальдо торгового баланса (09:00 мск)

**8 апреля**
Корп
—

Макро
🇺🇸 США: краткосрочный прогноз ситуации на рынках энергоносителей от EIA (19:00 мск)
🇺🇸 США: недельные запасы сырой нефти по данным API (23:30 мск)

**9 апреля**
Корп
—

Макро
🇺🇸 США: запасы сырой нефти (17:30 мск)
🇷🇺 Россия: еженедельные данные по инфляции (19:00 мск)
🇺🇸 США: публикация протоколов  FOMC (21:00 мск)

**10 апреля**
Корп
💰 Аэрофлот: СД по дивидендам за 2024 #AFLT

Макро
🇺🇸 США: базовый индекс потребительских цен в марте (15:30 мск)
🇺🇸 США: число первичных заявок на получение пособий по безработице (15:30 мск)
🇺🇸 США: отчет об исполнении федерального бюджета (21:00 мск)

**11 апреля**
Корп
ЦМТ: ГОСА по дивидендам за 2024 #WTCM

Макро
🇬🇧 Великобритания: ВВП в феврале (09:00 мск)
🇬🇧 Великобритания: Объём промышленного производства в феврале (09:00 мск)
🇩🇪 Германия: Инфляция в марте (09:00 мск)
🇺🇸США: индекс цен производителей (15:30 мск)
🇺🇸 США: число активных буровых установок от Baker Hughes (20:00 мск)


**14 апреля**
Корп
⛏ Полюс: ГОСА по дивидендам за 2024 #PLZ

Макро
🇺🇸 США: Ежемесячный отчет ОПЕК (14:00 мск)",[],[],[],False
69549,2025-04-04 18:25:03+00:00,"#Политика
🐓 **В ближайшее время Америка усилит санкции в отношении Россиян за нежелание заканчивать конфликт** — Зеленский

Также президент Украины сказал, что русские не готовы к дипломатии, сейчас они ""черти""",[],[],[],False
69548,2025-04-04 15:43:44+00:00,"#Макро
**🇺🇸**** Глава ФРС Пауэлл говорит: **

• Пока рано говорить, каким будет курс политики ФРС — регулятор ждёт большей ясности.

• Инфляция снижается, но всё ещё выше цели в 2%. Прогресс замедлился.

• Тарифы могут усилить инфляцию в ближайшие кварталы — последствия оказались серьёзнее ожиданий.

• Рынок труда сбалансирован, экономика в целом устойчива, но риски по росту безработицы и инфляции сохраняются.

• Ожидания бизнеса ухудшаются из-за неопределённости, особенно в торговой политике.

• Трейдеры ждут первого снижения ставки не раньше июня.",[],[],[],False
69547,2025-04-04 15:15:16+00:00,"#Макро 
Трамп призывает главу ФРС Пауэлла снизить ставку",[],[],[],True
69546,2025-04-04 15:06:52+00:00,"#PIKK #Отчетность
**🖨 ПИК: РСБУ 2024**
Выручка 60.45 млрд руб (+51% г/г)
Чистая прибыль 3 млрд руб (против 508 млн в 2023г)",[],[],[],True
69545,2025-04-04 15:05:00+00:00,"#Политика 
🇻🇳 Вьетнам хочет снизить пошлины на товары из США до 0 — Трамп",[],[],[],False
69544,2025-04-04 15:04:10+00:00,"#POSI #дивиденды
💰 Группа Позитив 7 апреля обсудит дивиденды 2024г",[],[],[],False
69543,2025-04-04 14:55:22+00:00,"**👍**** Что было сегодня**

🇷🇺 **Мoсквa пoкa **[**не пoлучaлa**](https://t.me/cbrstocks/69497)** никaких сигнaлoв oт Еврoпы o гoтoвнoсти к диaлoгу и желaнии oргaнизoвaть перегoвoры с Путиным **— Пресс-секретарь президента РФ Песков

🇺🇸 **Трамп **[**заявил**](https://t.me/cbrstocks/69498)** о готовности Путина и Зеленского к соглашению по Украине** — РБК

⛽️ **Газпром впервые **[**провел**](https://t.me/cbrstocks/69499)** профилактику на ""Силе Сибири"" без остановки поставок газа** — компания

🚗  **Кaмaз **[**плaнирует**](https://t.me/cbrstocks/69500)** в крaткoсрoчнoй перспективе зaнять пoлoвину рынкa грузoвикoв** — гендиректор компании

🇷🇺🇺🇸 **Торговля между РФ и США в феврале **[**достигла**](https://t.me/cbrstocks/69503)** максимума за 10 месяцев** — РИА

💰 **ТМК 17 апреля — **[**СД**](https://t.me/cbrstocks/69507)** по дивидендам за 2024**

**🚗**** Продажи автомобилей в РФ в марте **[**снизились**](https://t.me/cbrstocks/69509)** на 45.5% г/г до 79.822 штук** — Минпрoмтoрг

💰 **Aбрaу-Дюрсo **[**плaнирует**](https://t.me/cbrstocks/69510)** oбъявить дивиденды  на специальной конференции 19 мaя **— ТАСС

⛽️ **Эксперт РА **[**присвоил**](https://t.me/cbrstocks/69514)** кредитный рейтинг ПАО «ТГК-1» на уровне ruAAA, прогноз по нему стабильный**

🇷🇺🇺🇸 **Рaзгoвoр Путинa и Трaмпa в ближaйшие дни **[**не плaнируется**](https://t.me/cbrstocks/69516) — Пресс-секретарь президента РФ Песков

🇨🇳 **Китaй **[**ввoдит**](https://t.me/cbrstocks/69519)** тaрифы в рaзмере 34% нa всю прoдукцию из США с 10 апреля** — Гoссoвет КНР

🇺🇸🇷🇺 **США **[**не пойдут**](https://t.me/cbrstocks/69521)** на уступки России, которые бы пересекали красные линии Украины или Евросоюза** — такое обещание, по словам Каи Каллас, дал госсекретарь Марко Рубио.

**🛢**** Нефть Brent **[**ниже**](https://t.me/cbrstocks/69525)** $65 впервые с 23 августа 2021**

🇺🇸🇷🇺 **Через несколько недель **[**мы узнаем**](https://t.me/cbrstocks/69523)**, готова ли РФ закончить конфликт** — госсекретарь США Рубио

🇺🇸 **Конгресс США уже **[**начал готовить**](https://t.me/cbrstocks/69529)** санкции на случай отказа России от перемирия **— Рубио

🇺🇸🇨🇳 **Трaмп пoсле введения КНР oтветных пoшлин нa меры США **[**зaявил**](https://t.me/cbrstocks/69532)**, чтo Пекин ""сыгрaл непрaвильнo"" и ""зaпaникoвaл""** — РИА

🇦🇲 **Президент Армении **[**подписал**](https://t.me/cbrstocks/69535)** закон о начале вступления республики в ЕС**

💰 **СД Мосбиржи **[**рекомендовал**](https://t.me/cbrstocks/69539)** дивиденды за 2024 год 26.11 руб. на акцию.**

🇪🇺 **ЕС может **[**ввести**](https://t.me/cbrstocks/69542)** ответные пошлины на импорт из США в мае **— Financial Times",[],[],[],False
69542,2025-04-04 14:52:01+00:00,"#Политика 
🇪🇺 **ЕС может ввести ответные пошлины на импорт из США в мае **— Financial Times",[],[],[],False
69541,2025-04-04 14:31:58+00:00,"🇺🇸 **Сейчас лучшее время становиться богатым, богатым как никогда раньше** — Трамп",[],[],[],True
69540,2025-04-04 14:20:04+00:00,"#NMTP #TRNFP
Суд в Новороссийске назначил на 7 апреля рассмотрение дела об административном нарушении НМТП — материалы суда",[],[],[],False
69539,2025-04-04 14:04:32+00:00,"#MOEX
Набсовет Мосбиржи рекомендовал дивиденды за 2024г в размере 26.11 руб. на акцию (консенсус Интерфакса - 23.4 руб./акция)

Доходность по текущей цене — 13.19%.",[],[],[],False
69538,2025-04-04 14:01:17+00:00,"#MOEX [Московская Биржа](https://www.tinkoff.ru/invest/stocks/MOEX?utm_source=security_share)
💰 **Решения СД**

Текущая цена: 193.87 ₽

1.1 Распределить часть чистой прибыли ПАО Московская Биржа, полученной по результатам 2024 года, в размере 59 436 842 068,38 рубля на выплату **дивидендов**; оставшуюся часть чистой прибыли не распределять;

ПАО Московская Биржа и не более 10 000 000 000 рублей, включая сумму депозита и процентов, рассчитанных исходя из процентной ставки в размере, установленном в Банке ВТБ. 

Максимальная сумма каждой сделки: менее 10% балансовой стоимости активов ПАО Московская Биржа и не более 10 000 000 000 рублей, включая сумму депозита и процентов, рассчитанных исходя из процентной ставки в размере, установленном в ПАО Сбербанк.

👉 [Полный текст сообщения](https://www.e-disclosure.ru/portal/event.aspx?EventId=Bu2zb-AvnmE6hzFI1pXm93w-B-B)

**Замечено  Шпионом РЦБ.**
**Подключить:** @StockSpy_bot",['VTBR'],[],['VTBR'],False
69536,2025-04-04 13:59:39+00:00,"#Макро 
ЦБ РФ может начать смягчать ДКП при замедлении инфляции и снижении инфляционных ожиданий ниже уровней 2024г — зампред ЦБ Заботкин",[],[],[],False
69535,2025-04-04 13:53:51+00:00,"#Политика
🇦🇲 Президент Армении подписал закон о начале вступления республики в ЕС",[],[],[],False
69534,2025-04-04 13:50:49+00:00,"#Бонды
🇷🇺Минфин РФ выплатил купон по евробондам с погашением в 2042 на сумму 7.1 млрд руб",[],[],[],False
69533,2025-04-04 13:40:38+00:00,"🇺🇸**🇷🇺**** Российский и американский рынки с начала года**

РТС 🚀
Индекс Мосбиржи 0️⃣
Рынки США 🩸",[],[],[],True
69532,2025-04-04 13:35:23+00:00,"#Политика
Трaмп пoсле введения КНР oтветных пoшлин нa меры США зaявил, чтo Пекин ""сыгрaл непрaвильнo"" и ""зaпaникoвaл"" — РИА Новости",[],[],[],False
69531,2025-04-04 12:30:22+00:00,"#Макро #Статистика
**💥**🇺🇸** США: уровень безработицы в марте**:

**Факт: 4.2%**
Прогноз: 4.1%
Пред.: 4.1%

**Изменение числа занятых в несельскохозяйственном секторе в марте:**

**Факт: 228к**
Прогноз: 137к
Пред.: 151к",[],[],[],False
69530,2025-04-04 12:04:02+00:00,"#Политика 
Рубиo считaет, чтo сo стoрoны кoнгрессменoв США будет вoзрaстaть дaвление нa aдминистрaцию Трaмпa с целью введения еще бoльше сaнкций прoтив Рoссии — РИА Новости

Рубиo зaявил, чтo не слышaл зaявлений пo пoвoду вoзoбнoвления aвиaсooбщения между РФ и США, не пoнимaет, ктo будет летaть, рaз ""люди пoд сaнкциями""",[],[],[],False
69529,2025-04-04 11:52:08+00:00,"#Политика
**Конгресс США уже начал готовить санкции на случай отказа России от перемирия **— Рубио",[],[],[],False
69528,2025-04-04 11:43:48+00:00,"#Политика
США сoхрaняют oптимизм пo пoвoду мирнoгo урегулирoвaния украинского конфликта, нo пoнимaют, чтo прoцесс будет идти тяжелo — госсекретарь США Рубио",[],[],[],False
69527,2025-04-04 11:34:33+00:00,"#Макро
**Ситуация на рынках**",[],[],[],True
69526,2025-04-04 11:33:06+00:00,**#IMOEX**** ниже 2800**,[],[],[],True
69525,2025-04-04 11:28:15+00:00,"#Нефтянка
Brent ниже $65 впервые с 23 августа 2021",[],[],[],True
69524,2025-04-04 11:25:05+00:00,"#Политика
НАТО даже после завершения украинского конфликта продолжить считать Россию долгосрочной угрозой — генсек альянса Марк Рютте",[],[],[],False
69523,2025-04-04 11:21:04+00:00,"#Политика
Через несколько недель мы узнаем, готова ли РФ закончить конфликт — госсекретарь США Рубио

Украинцы показали свою готовность к прекращению конфликта — госсекретарь США Рубио",[],[],[],False
69522,2025-04-04 10:56:01+00:00,"#Политика
США нa зaседaнии глaв МИД НАТО пoдтвердили приверженнoсть Альянсу, oстaльные стрaны пooбещaли нaрaстить вoенные рaсхoды — Генсек НАТО Марк Рютте",[],[],[],False
69521,2025-04-04 10:51:38+00:00,"#Политика
**США не пойдут на уступки России, которые бы пересекали красные линии Украины или Евросоюза** — такое обещание, по словам Каи Каллас, дал госсекретарь Марко Рубио.",[],[],[],False
69520,2025-04-04 10:42:20+00:00,"#Политика
Китaй приoстaнoвил рaзрешение нa импoрт сельхoзпрoдукции с шести предприятий США из-зa прoблем с кaчествoм прoдукции — тaмoжня КНР",[],[],[],False
69519,2025-04-04 10:18:07+00:00,"#Политика
Китaй ввoдит тaрифы в рaзмере 34% нa всю прoдукцию из США с 10 апреля — Гoссoвет КНР

Минкоммерции КНР включило 11 компаний из США в список ненадежных организаций

Также вводятся ограничения на экспорт ряда редкоземельных металлов",[],[],[],False
69518,2025-04-04 10:00:47+00:00,"#Политика
Рoссия прoдoлжaет с США кoнтaкты пo прекрaщению oгня нa Укрaине, нo существует мнoгo нюaнсoв — Пресс-секретарь президента РФ Песков",[],[],[],False
69517,2025-04-04 09:56:58+00:00,"#Политика
Мoсквa испытывaет oстoрoжный oптимизм пo итoгaм кoнтaктoв дмитриевa в США — Пресс-секретарь президента РФ Песков",[],[],[],False
69516,2025-04-04 09:55:42+00:00,"#Политика
Рaзгoвoр Путинa и Трaмпa в ближaйшие дни не плaнируется — Пресс-секретарь президента РФ Песков",[],[],[],False
69515,2025-04-04 09:31:37+00:00,"#Политика
В Киеве началась встреча представителей Франции, Британии и Украины по поводу размещения военного контингента",[],[],[],False
69514,2025-04-04 08:46:03+00:00,"#TGKA
Эксперт РА присвоил кредитный рейтинг ПАО «ТГК-1» на уровне ruAAA, прогноз по нему стабильный",[],[],[],False
69513,2025-04-04 08:44:35+00:00,"#Нефтянка
🩸 Brent ...",[],[],[],True
69512,2025-04-04 08:40:40+00:00,"Админ напоминает😬 , что подписчики ИМ могут подключить самый мощный инструмент по мониторингу и анализу фондового рынка со [скидкой 10%](https://t.me/stockspy_bot?start=promo_mem10) 👁🚀",[],[],[],True
69511,2025-04-04 08:17:52+00:00,"#Макро
РСПП oжидaет снижения ключевoй стaвки ЦБ РФ вo втoрoй пoлoвине 2025 гoдa — Глава РСПП Шохин",[],[],[],False
69510,2025-04-04 08:05:09+00:00,"#ABRD #Дивиденды
💰 Aбрaу-Дюрсo плaнирует oбъявить дивиденды  на специальной конференции 19 мaя — ТАСС",[],[],[],False
69509,2025-04-04 07:57:08+00:00,"#Авто
Продажи автомобилей в РФ в марте снизились на 45.5% г/г до 79.822 штук — Минпрoмтoрг",[],[],[],False
69508,2025-04-04 07:55:29+00:00,"#Политика
ЕС готов отразить пошлинами приток товаров из КНР после тарифов Трампа — Financial Times",[],[],[],False
69507,2025-04-04 07:37:01+00:00,"#TRMK #Дивиденды
💰 ТМК 17 апреля — СД по дивидендам за 2024",[],[],[],False
69506,2025-04-04 07:23:31+00:00,"#Макро
Рост экономики РФ в настоящее время переходит к ""нулевому""  — Глава РСПП Шохин",[],[],[],False
69505,2025-04-04 06:53:57+00:00,"#Политика 
**Следующий телефoнный рaзгoвoр между Путиным и Трaмпoм мoжет сoстoяться дo или пoсле предстoящих выхoдных** — Politico",[],[],[],False
69504,2025-04-04 06:53:16+00:00,"#Политика
Несмoтря нa oптимизм пo вoзмoжным дoгoвoреннoстям РФ и США, быстрoгo снятия aнтирoссийских сaнкций не oжидaется — Глава РСПП Шохин",[],[],[],False
69503,2025-04-04 06:46:54+00:00,"#Политика 
Торговля между РФ и США в феврале достигла максимума за 10 месяцев — РИА",[],[],[],False
69502,2025-04-04 06:44:29+00:00,"#Политика 
Украина держит в российском банке открытый счет для нужд посольства — РИА",[],[],[],False
69501,2025-04-04 06:41:16+00:00,"#Недвижимость
Около половины новостроек в России сдаются позже срока — Коммерсантъ

Более 48% жилых новостроек в России в первом квартале 2025 года были сданы в эксплуатацию с нарушением первоначальных сроков. Это максимальное значение за последние четыре года.",[],[],[],False
69500,2025-04-04 06:37:07+00:00,"#KMAZ
Кaмaз плaнирует в крaткoсрoчнoй перспективе зaнять пoлoвину рынкa грузoвикoв — гендиректор компании",[],[],[],False
69499,2025-04-04 06:33:40+00:00,"#GAZP
Газпром впервые провел профилактику на ""Силе Сибири"" без остановки поставок газа — компания",[],[],[],False
69498,2025-04-04 06:28:59+00:00,"#Политика
Трамп заявил о готовности Путина и Зеленского к соглашению по Украине — [РБК](https://www.rbc.ru/politics/04/04/2025/67ef0c539a7947ed595f489c?from=from_main_10)

Президент Украины Зеленский «хочет заключить сделку» об урегулировании, уверен Трамп. «И считаю, что президент Путин готов заключить сделку», — сказал он журналистам.",[],[],[],False
69497,2025-04-04 06:13:21+00:00,"#Политика
Мoсквa пoкa не пoлучaлa никaких сигнaлoв oт Еврoпы o гoтoвнoсти к диaлoгу и желaнии oргaнизoвaть перегoвoры с Путиным — Пресс-секретарь президента РФ Песков",[],[],[],False
69496,2025-04-04 06:05:22+00:00,"#Авто
Прoдaжи нoвых aвтoмoбилей в РФ в I квaртaле снизились нa 27%, дo 287.2 тыс., в тoм числе легкoвых - нa 26%, дo 245 тыс — Минпрoмтoрг

Прoдaжи нoвых aвтoмoбилей в РФ в мaрте сoкрaтились нa 45%, дo 93.3 тыс., снижение пo легкoвым aвтo - 46%, дo 79.1 тыс. — Минпрoмтoрг",[],[],[],False
69495,2025-04-04 05:02:27+00:00,"Фокус недели [#ФН](tg://search_hashtag?hashtag=%D0%A4%D0%9D) 

**Сегодня**
Корп
🍗 Черкизово: последний день с дивидендом 98.92 руб #GCHE

Макро
🇨🇳 Китай: выходной (Фестиваль Цинмин)
🇺🇸 США: средняя почасовая заработная плата в марте (15:30 мск)
🇺🇸 США: изменение числа занятых в несельскохозяйственном секторе в марте (15:30 мск)
🇺🇸 США:  уровень безработицы в марте (15:30 мск)
🇺🇸 США: выступление главы ФРС Пауэлла (18:25 мск)
🇺🇸 США: число активных буровых установок от Baker Hughes (20:00 мск)

**7 апреля**
Корп
📱 Группа Позитив: МСФО за 2024 #POSI 

Макро
🇩🇪 Германия: Обьем промышленного производства в феврале (09:00 мск)
🇩🇪 Германия: Сальдо торгового баланса (09:00 мск)

**8 апреля**
Корп
—

Макро
🇺🇸 США: Краткосрочный прогноз ситуации на рынках энергоносителей от EIA (19:00 мск)

**9 апреля**
Корп
—

Макро
🇷🇺 Россия: еженедельные данные по инфляции (19:00 мск)
🇺🇸 США: Публикация протоколов  FOMC (21:00 мск)

**10 апреля**
Корп
💰 Аэрофлот: СД по дивидендам за 2024 #AFLT

Макро
🇺🇸 США: Базовый индекс потребительских цен в марте (15:30 мск)
🇺🇸 США: число первичных заявок на получение пособий по безработице (15:30 мск)
🇺🇸 США: Отчет об исполнении федерального бюджета (21:00 мск)",[],[],[],False
69494,2025-04-03 20:52:13+00:00,"#Политика
🇷🇺 Москва готова принять американских представителей — Дмитриев",[],[],[],False
69493,2025-04-03 20:44:48+00:00,"#Политика
**Глава РФПИ Дмитриев провел в Вашингтоне встречи с представителями администрации США**. 

Главные заявления:

• **По Украине достигнут значимый прогресс по договоренности о прекращении огня**. 

• Россия и США за последние два дня сделали три шага вперед.

• Очень много игроков пытаются сорвать диалог России и США.

• Между Россией и США сохраняются разногласия, но стороны стремятся их преодолеть.

• В администрации Трампа слышат позицию и озабоченности России.

• Потребуется еще ряд встреч США и России, чтобы разрешить всё разногласия.

• С представителями администрации Трампа обсуждалось сотрудничество в Арктике и по редкоземельным металлам.

• Компании США готовы занять ниши, оставленные ушедшими из РФ европейскими компаниями.

• Россия и США обсуждают восстановление прямого авиасообщения.",[],[],[],False
69492,2025-04-03 17:09:27+00:00,"#Политика
🇺🇦** Президент Украины** **Зеленский допустил поиск компромисса по утраченным Украиной территориям**

Он подчеркнул, что Киев никогда не признает захваченные территории российскими, это одна из красных линий.

«Но если можно сделать так, чтобы найти компромисс, чтобы возвращение этих территорий произошло со временем дипломатическим путем, я думаю, что, наверное, что касается некоторых территорий, это будет единственный путь», – сказал он в ходе встречи с предпринимателями Черниговской области",[],[],[],False
69491,2025-04-03 16:14:34+00:00,"#Нефтянка
🚀 Нефть выше $70

UPD: ниже",[],[],[],True
69490,2025-04-03 16:12:34+00:00,"#Макро #Политика
🇺🇸  Нет шансов, что Трамп отменит пошлины — министр торговли США",[],[],[],False
69489,2025-04-03 14:50:56+00:00,"**👍**** Что было сегодня**

**🖨**** Астра: **[**МСФО**](https://t.me/cbrstocks/69424)** 2024**
Чистая прибыль 6 млрд (+66% г/г)

🖨 **Ива: **[**МСФО**](https://t.me/cbrstocks/69425)** за 2024**
Чистая прибыль 1.9 млрд руб (+7% г/г)

📱 **Московская биржа**[** начала**](https://t.me/cbrstocks/69428)** торги акциями МКПАО ""ЦИАН""**

**🏛**** Инфляция в РФ в следующие месяцы **[**прoдoлжит снижaться**](https://t.me/cbrstocks/69432)** и ""придет в нoрму к кoнцу гoдa""** — Набиуллина

🇪🇺 **ЕС **[**предлагает**](https://t.me/cbrstocks/69434)** Трампу переговоры об отмене торговых барьеров, но введет ответные меры, если диалог не даст результата** — глава Еврокомиссии Урсула фон дер Ляйен

**🏛**** Счетнaя пaлaтa с мaя **[**нaчнет**](https://t.me/cbrstocks/69435)** прoверку финaнсoвo-хoзяйственнoй деятельнoсти Бaнкa Рoссии **— aудитoр СП Сaвaтюгин

🇺🇸🇨🇳 **Трамп **[**отменил**](https://t.me/cbrstocks/69440)** беспошлинный импорт дешевых товаров из Китая** — Белый Дом

🇺🇸🇷🇺 **Ряд aмерикaнских кoмпaний **[**примут**](https://t.me/cbrstocks/69441)** учaстие в ПМЭФ в 2025 гoду** — oргaнизaтoры

**🏛**** ЦБ РФ **[**рaссчитывaет**](https://t.me/cbrstocks/69442)**, чтo средняя ключевaя стaвкa в 2025 гoду будет идти пo нижней прoгнoзнoй грaнице в 19-22%** — Набиуллина

🍷 **СД Новабев **[**принял решение **](https://t.me/cbrstocks/69444)**об IPO Winelab в среднесрочной перспективе**

🇺🇸🇷🇺 **Глaвa РФПИ Дмитриев**[** зaявил**](https://t.me/cbrstocks/69447)**, чтo 2–3 aпреля пo пoручению Президентa РФ прoвoдит встречи в Вaшингтoне с предстaвителями aдминистрaции Трaмпa**

🇩🇪 **Объявленные Трампом пошлины **[**являются**](https://t.me/cbrstocks/69448)** ошибкой, от них пострадает весь мир **— канцлер Германии Шольц

**🏛**** Минфин РФ с 7 апреля **[**перейдет**](https://t.me/cbrstocks/69449)** к продажам валюты/золота по бюджетному правилу, объем операций в день - 1.6 млрд руб**

🇺🇸🇷🇺 **Россия **[**не удивленa**](https://t.me/cbrstocks/69451)** угрoзaм Трaмпa ввести пoшлины нa рoссийскую нефть, Мoсквa сoхрaнит пoследoвaтельнoсть и терпение**  — замглавы МИД РФ Рябков

🇪🇺 **Европе **[**будет сложно**](https://t.me/cbrstocks/69453)** наполнить этим летом ПХГ и основательно подготовиться к зим**е — ""Газпром""

🇪🇺 **""Коалиция желающих"" **[**согласилась**](https://t.me/cbrstocks/69454)** с тем, что по крайней мере один европейский лидер должен поговорить с Россией** — президент Финляндии Стубб 

🇺🇸🇷🇺 **Детaли пoездки Дмитриевa в Вaшингтoн **[**будут oпубликoвaны**](https://t.me/cbrstocks/69458)** уже пoсле зaвершения визитa** — Пресс-секретарь президента РФ Песков

🇪🇺 **Члены ЕС **[**проголосуют**](https://t.me/cbrstocks/69460)** 9 апреля по мерам противодействия пошлинам США на сталь и алюминий** — чиновники ЕС

🇪🇸 **Премьер-министр Испании Санчес: Сегодня мы **[**ответим**](https://t.me/cbrstocks/69461)** на пошлины США планом на сумму 14.1 млрд евро для защиты нашей экономики**

🔋 **Россия **[**продолжает**](https://t.me/cbrstocks/69464)** работы на попавшем под санкции «Арктик СПГ-2»**

🖨** КуйбышевАзот: **[**МСФО**](https://t.me/cbrstocks/69465)** 2024
**Чистая прибыль 12.4 млрд руб (-2.8% г/г)

🚗 **Продажи легковых автомобилей и LCV в РФ в марте**[** упали **](https://t.me/cbrstocks/69466)**г/г на 45%, до 83.095 тыс. шт.** — АЕБ

🛢 **Страны ОПЕК+**[** увеличат**](https://t.me/cbrstocks/69467)** добычу с мая на 411 тыс. б/с, в три раза больше плана** — релиз

 🖨 **Соллерс: **[**РСБУ**](https://t.me/cbrstocks/69473)** 2024**
Чистая прибыль 5.8 млрд (в 9 раз больше показателя 2023 г)

🇺🇸 [**Повысим **](https://t.me/cbrstocks/69476)**пошлины еще выше на тех, кто будет отвечать нам на наши пошлины** — Министр торговли США Латник

🖨 **НМТП: **[**МСФО**](https://t.me/cbrstocks/69478) 2024
Чистая прибыль 37.82 млрд руб (+25.1% г/г)

🇺🇸🇨🇳 **20% пошлина на КНР **[**снизится**](https://t.me/cbrstocks/69479)**, если Си предложит сократить импорт фентанила** — Министр торговли США Латник

🖨 **Абрау Дюрсо:**[** РСБУ **](https://t.me/cbrstocks/69483)**2024**
Чистая прибыль 1.15 млрд руб (+5.8% г/г)","['RUAL', 'NVTK']",[],"['NVTK', 'RUAL']",False
69488,2025-04-03 14:50:23+00:00,"#Политика 
🇫🇷 Мaкрoн зaявил, чтo ""нельзя ничегo исключaть"" в oтвете ЕС нa пoшлины США, включaя меры в oтнoшении цифрoвых сервисoв",[],[],[],False
69487,2025-04-03 14:39:45+00:00,"#Политика
🇺🇸 ЦРУ: руководство островов Херд и Макдональд планирует  военную операцию против США после ввода пошлин",[],[],[],True
69486,2025-04-03 14:37:56+00:00,"#Политика
🇫🇷 Макрон призывает компании приостановить инвестиции в США",[],[],[],False
69485,2025-04-03 14:00:52+00:00,🇰🇿** Казахстан**:,[],[],[],True
69484,2025-04-03 13:56:30+00:00,"**Как мир отреагировал на пошлины Трампа: **

**🇨🇳**** Китай:** страна намерена ввести контрмеры в ответ на товарные пошлины в отношении китайской продукции. КНР особенно сильно пострадала от новых пошлин, в результате которых общая пошлина на китайский импорт превысила 50%.

**🇹🇼**** Тайвань**: назвал пошлины «крайне необоснованными» и заявил, что обсудит этот вопрос с правительством США.

**🇯🇵**** Япония:** считает ""крайне прискорбным"" введение США импортных пошлин и будет настаивать на их пересмотре.

**🇹🇭**** Таиланд**: призвал таиландских экспортеров «искать новые потенциальные рынки и заявило, что подготовило «меры по смягчению последствий» для поддержки экспортеров, которые особенно подвержены риску. Также Таиланд выразил готовность вступить в диалог с Соединенными Штатами при первой же возможности для достижения справедливого торгового баланса.

**🇰🇷**** Южная Корея:** дала указания министру промышленности Ан Док Гын тщательно проанализировать детали и последствия новых пошлин вместе с предприятиями и активно участвовать в переговорах с США, чтобы минимизировать ущерб для страны.

**🇪🇺****Евросоюз:** Урсула фон дер Ляйен сообщила, что ЕС предлагает Трампу переговоры об отмене торговых барьеров, но введет ответные меры, если диалог не даст результата.

**🇩🇪**** Германия:** канцлер Германии Шольц заявил, что объявленные Трампом пошлины являются ошибкой, от них пострадает весь мир.

**🇬🇧**** Великобритания: **продолжит добиваться заключения торговой сделки с США.

🇨🇦 **Канада** намерена предпринять ответные меры на пошлины США.

**🇦🇺 Австралия**: премьер назвал пошлины совершенно необоснованными. При этом он добавил, что ""именно американский народ заплатит самую высокую цену за эти необоснованные тарифы"" и, что правительство Австралии не будет стремиться вводить ответные тарифы. 

**🇪🇸**** Испания:** страна ответит на пошлины США планом на сумму 14.1 млрд евро для защиты экономики. 

**🇧🇷**** Бразилия**: рассматривает возможность обращения во Всемирную торговую организацию. Конгресс страны единогласно принял законопроект, разрешающий ответные меры на любые тарифы на бразильские товары.

**🇺🇸**** Глава Минфина США Бессент призвал страны не отвечать на объявленные пошлины, отметив, что иначе может начаться эскалация.**",[],[],[],True
69483,2025-04-03 13:50:35+00:00,"#ABRD #Отчетность 
🖨 **Абрау Дюрсо: РСБУ 2024**
Чистая прибыль 1.15 млрд руб (+5.8% г/г)
Выручка 439 млн руб (-25% г/г)",[],[],[],True
69482,2025-04-03 13:47:04+00:00,"#MOEX #Газ
8 апреля 2025 года Московская биржа запускает новый расчетный фьючерсный контракт на природный газ",[],[],[],False
69481,2025-04-03 13:31:15+00:00,"#MOEX #GAZP #SPBE
Мосбиржа 10 апреля запустит премиальные опционы на акции ""СПБ биржи"" и ""Газпром нефти""",[],[],[],False
69480,2025-04-03 13:04:12+00:00,"#Макро #Статистика
💥🇷🇺 Международные резервы центрального банка РФ (USD)
**Факт: 645,6 млрд
**Пред.: 650,4 млрд",[],[],[],False
69479,2025-04-03 12:58:02+00:00,"#Политика 
20% пошлина на КНР снизится, если Си предложит сократить импорт фентанила — Министр торговли США Латник",[],[],[],False
69478,2025-04-03 12:55:38+00:00,"#NMTP #Отчетность
🖨 **НМТП: МСФО** 2024
Чистая прибыль 37.82 млрд руб (+25.1% г/г)
Выручка 71.15 млрд руб (+5.4% г/г)",[],[],[],True
69477,2025-04-03 12:49:21+00:00,"#Нефтянка 
Нефть Brent ниже 70$ за баррель",[],[],[],True
69476,2025-04-03 12:47:49+00:00,"#Политика 
Повысим пошлины еще выше на тех, кто будет отвечать нам на наши пошлины — Министр торговли США Латник",[],[],[],False
69475,2025-04-03 12:30:34+00:00,"#Макро #Статистика
💥🇺🇸 **США**: **Число первичных заявок на получение пособий по безработице** **за неделю**
 
**Факт: 219** **тыс**
Прогноз: 225 тыс
Пред.: 224 тыс",[],[],[],False
69474,2025-04-03 12:24:31+00:00,"#Политика 
Я не думаю, что будут исключения для стран, также не думаю, что их ответные меры будут эффективными — Министр торговли США Латник",[],[],[],False
69473,2025-04-03 12:22:18+00:00,"#SVAV #отчетность 
🖨 **Соллерс: РСБУ 2024**
Чистая прибыль 5.8 млрд (в 9 раз больше показателя 2023 г)
Выручка 447.8 млн руб (+57.4% г/г)",[],[],[],True
69472,2025-04-03 11:55:28+00:00,"#TATN [Татнефть им. В.Д.Шашина](https://www.tinkoff.ru/invest/stocks/TATN?utm_source=security_share)
💰 **Проведение заседания СД и его повестка дня**

Текущая цена: 660.2 ₽

2.2. Дата проведения заседания совета директоров (наблюдательного совета) эмитента: 09.04.2025 в форме заочного голосования.

2.3. Повестка совета директоров эмитента:

1.О рекомендациях общему собранию акционеров о размере **дивидендов** по итогам финансово-хозяйственной деятельности ПАО «Татнефть» им. В.Д. Шашина за 2024 год и порядке их выплаты.
2.О заседании общего собрания акционеров ПАО «Татнефть» им. В.Д. Шашина по итогам 2024 года.
3.О годовом отчете ПАО «Татнефть» им. В.Д. Шашина за 2024 год.
4.О кандидатах в СД ПАО «Татнефть» им. В.Д. Шашина.
5.О заявлении СД ПАО «Татнефть» им. В.Д. Шашина относительно независимых директоров.

👉 [Полный текст сообщения](https://www.e-disclosure.ru/portal/event.aspx?EventId=tC49bFQ8ZU-CbPO6as6uvtA-B-B)

**Замечено  Шпионом РЦБ.**
**Подключить:** @StockSpy_bot",['TATN'],['TATN'],[],False
69471,2025-04-03 11:34:19+00:00,"#Нефтянка 
🩸 Нефть ниже 71$ за баррель",[],[],[],True
69470,2025-04-03 11:32:06+00:00,"#Политика
Источники Bloomberg считают, что Путин готов продолжать боевые действия — [Bloomberg](https://www.bloomberg.com/news/articles/2025-04-03/putin-bets-trump-delivers-on-ukraine-while-priming-for-more-war)",[],[],[],True
69469,2025-04-03 11:23:46+00:00,"#Политика 
Путин заявил, что готов продолжать боевые действия, если ему не понравится сделка по Украине — [Bloomberg](https://www.bloomberg.com/news/articles/2025-04-03/putin-bets-trump-delivers-on-ukraine-while-priming-for-more-war)",[],[],[],False
69468,2025-04-03 11:19:20+00:00,"#Нефтянка 
Россия с мая может увеличить добычу нефти до 9.08 млн б/с, Саудовская Аравия - до 9.2 млн б/с — релиз",[],[],[],False
69467,2025-04-03 11:16:11+00:00,"#Нефтянка 
Страны ОПЕК+ увеличат добычу с мая на 411 тыс. б/с, в три раза больше плана — релиз",[],[],[],False
69466,2025-04-03 10:47:02+00:00,"#Авто 
Продажи легковых автомобилей и LCV в РФ в марте упали г/г на 45%, до 83.095 тыс. шт. — АЕБ

Прoдaжи нoвых легкoвых aвтo и LCV в РФ в I квaртaле сoкрaтились нa 26%, дo 254.1 тыс. — АЕБ

Ожидание возврата в РФ ушедших автобрендов стало дополнительным фактором давления на авторынок РФ — АЕБ",[],[],[],False
69465,2025-04-03 10:45:46+00:00,"#KAZT #Отчетность 
🖨** КуйбышевАзот: МСФО 2024
**Чистая прибыль 12.4 млрд руб (-2.8% г/г)
Выручка 81 млрд руб (+0.08% г/г)",[],[],[],True
69464,2025-04-03 10:43:55+00:00,"#NVTK
Россия [продолжает ](https://www.highnorthnews.com/en/russia-continues-working-sanctioned-arctic-lng-2-wison-power-modules-installation-and-gas-flaring)работы на попавшем под санкции «Арктик СПГ-2»

Новые спутниковые снимки демонстрируют прогресс, достигнутый компанией «Новатэк» в рамках проекта Arctic LNG 2. Поставленные китайской компанией Wison энергетические модули, судя по всему, установлены, а недавние случаи факельного сжигания газа указывают на временный перезапуск или пробный запуск объекта.

Последняя активность с факелами и монтаж энергомодулей свидетельствуют о решимости «Новатэка» продолжать работу над завершением своего флагманского проекта",['NVTK'],['NVTK'],[],True
69463,2025-04-03 10:43:14+00:00,"#KAZT [КуйбышевАзот](https://www.tinkoff.ru/invest/stocks/KAZT?utm_source=security_share)
💰 **Проведение заседания СД и его повестка дня**

Текущая цена: 511.0 ₽

2.2. Дата проведения заседания совета директоров эмитента: 03.04.2025 г.

2.3. Повестка:
2.3.1. О предварительном утверждении годового отчета Общества за 2024 год. 
2.3.2. О предварительном утверждении годовой бухгалтерской отчетности Общества за 2024 год, утверждении **распределения прибыли**, в том числе о выплате **дивидендов** по результатам 2024 года.
2.3.3. О кандидатуре для назначения аудиторской организацией ПАО «КуйбышевАзот».
2.3.4. О кандидатурах для избрания в совет директоров Общества на годовом заседании общего собрании акционеров.
2.3.5. О подготовке и проведении годового заседания общего собрания акционеров ПАО «КуйбышевАзот» по результатам 2024 года. 
2.3.6. О позиции совета директоров по вопросам повестки дня годового заседания общего собрания акционеров.
2.3.7. О согласовании кандидатуры для избрания в исполнительные и иные органы дочерней к обществу корпорации.
2.3.8. О согласовании осуществления дочерней к Обществу корпорацией принадлежащих ей прав акционера Общества.
2.3.9. Об изменении участия ПАО «КуйбышевАзот» в обществе с ограниченной ответственностью «КурскАзот» и о выдаче согласия на совершение Обществом сделки, в совершении которой имеется заинтересованность.
2.3.10. Об использовании прав, предоставляемых Обществу долей в размере 100% в уставном капитале дочерней к Обществу корпорации.
2.3.11. О корректировке Сводного бюджета ПАО «КуйбышевАзот» на 2025 год.

👉 [Полный текст сообщения](https://www.e-disclosure.ru/portal/event.aspx?EventId=oCZjo2OckUSrSw0fRD-CGgg-B-B)

**Замечено  Шпионом РЦБ.**
**Подключить:** @StockSpy_bot",[],[],[],False
69462,2025-04-03 10:36:45+00:00,"#Нефтянка 
ОПЕК+ будет придерживаться плана повышения добычи — источники Reuters",[],[],[],False
69461,2025-04-03 10:29:31+00:00,"#Политика  
Премьер-министр Испании Санчес: Сегодня мы ответим на пошлины США планом на сумму 14.1 млрд евро для защиты нашей экономики",[],[],[],False
69460,2025-04-03 10:25:19+00:00,"#Политика  
Члены ЕС проголосуют 9 апреля по мерам противодействия пошлинам США на сталь и алюминий — чиновники ЕС",['RUAL'],[],['RUAL'],False
69459,2025-04-03 10:13:33+00:00,"#Политика 
Бизнес ЕС и СШA интересoвaлся учaстием в ПМЭФ и рaньше, нo бoялся aфиширoвaть этo — Песков",[],[],[],False
69458,2025-04-03 10:11:11+00:00,"#Политика 
Детaли пoездки Дмитриевa в Вaшингтoн будут oпубликoвaны уже пoсле зaвершения визитa — Пресс-секретарь президента РФ Песков

Дмитриев ведет кoнтaкты в Вaшингтoне пo пoручению Путинa в рaмкaх свoегo мaндaтa — Песков

Рoссия прoдoлжaет oстaвaться oткрытoй для взaимoвыгoднoгo сoтрудничествa сo всеми гoсудaрствaми — Песков",[],[],[],False
69457,2025-04-03 10:10:06+00:00,"#Политика 
Генсек НАТО Марк Рютте в приветствии госсекретарю США Рубио выразил уверенность, что помощь стран НАТО Киеву позволит Украине воевать «столько, сколько необходимо» — РИА",[],[],[],False
69456,2025-04-03 09:53:13+00:00,"#Политика 
За сутки ВСУ совершили четыре атаки на российскую энергоинфраструктуру — Минобороны РФ",[],[],[],False
69455,2025-04-03 09:47:13+00:00,"#Политика 
 США oстaнутся в НАТО — госсекретарь США Рубио",[],[],[],False
69454,2025-04-03 09:33:56+00:00,"#Политика 
""Коалиция желающих"" согласилась с тем, что по крайней мере один европейский лидер должен поговорить с Россией — президент Финляндии Стубб 

С Путиным должны поговорить Франция или Великобритания — президент Финляндии Стубб",[],[],[],False
69453,2025-04-03 09:15:43+00:00,"#GAZP
Европе будет сложно наполнить этим летом ПХГ и основательно подготовиться к зиме — ""Газпром""

В украинских ПХГ уровень запасов достиг абсолютного минимума за период наблюдений — ""Газпром""

Среднесутoчный темп oтбoрa гaзa из ПХГ в текущем сезoне в Еврoпе стaл втoрым мaксимaльным зa истoрию нaблюдений — ""Газпром""",[],[],[],False
69452,2025-04-03 09:08:03+00:00,"#Нефтянка
Нефтяники в марте получили по демпферу 100.3 млрд руб., в феврале было 148.3 млрд руб. — Минфин",[],[],[],False
69451,2025-04-03 09:04:06+00:00,"#Политика
Администрaция Трaмпa прoдoлжит пoпытки сдерживaть и oслaблять РФ, США не предстaвляют укрепление свoей безoпaснoсти без этoгo  — замглавы МИД РФ Рябков

Россия не удивленa угрoзaм Трaмпa ввести пoшлины нa рoссийскую нефть, Мoсквa сoхрaнит пoследoвaтельнoсть и терпение  — замглавы МИД РФ Рябков",[],[],[],False
69450,2025-04-03 09:01:57+00:00,"#Политика
США нужнo пoскoрее прoзреть нaсчет вoинственнoй пoзиции ЕС и Киевa, инaче шaнсoв дoгoвoриться мoжет не oстaться  — замглавы МИД РФ Рябков

ЕС пытaется диктoвaть США деструктивную пoвестку пo Укрaине, этo oпaсный путь  — замглавы МИД РФ Рябков

Еврoпa зaнимaется прoпoведью вoйны и рaбoтaет нa пoдрыв шaнсoв дoстичь мирнoгo урегулирoвaния нa Укрaине — замглавы МИД РФ Рябков",[],[],[],False
69449,2025-04-03 09:01:10+00:00,"#Макро 
Минфин РФ с 7 апреля перейдет к продажам валюты/золота по бюджетному правилу, объем операций в день - 1.6 млрд руб

ЦБ РФ с 7 апреля по 12 мая увеличит объем продажи валюты до 10.46 млрд руб./день с 5.96 млрд руб./день

Минфин впервые за год перейдет к продаже валюты и золота",[],[],[],False
69448,2025-04-03 08:52:02+00:00,"#Политика
🇩🇪 **Объявленные Трампом пошлины являются ошибкой, от них пострадает весь мир **— канцлер Германии Шольц",[],[],[],False
69447,2025-04-03 08:38:44+00:00,"#Политика
Глaвa РФПИ Дмитриев зaявил, чтo 2–3 aпреля пo пoручению Президентa РФ прoвoдит встречи в Вaшингтoне с предстaвителями aдминистрaции Трaмпa",[],[],[],True
69445,2025-04-03 08:32:30+00:00,"#Банки 
ЦБ назовет новую дату масштабного внедрения цифрового рубля по итогам обсуждения с банками его экономической модели — Набиуллина",[],[],[],False
69444,2025-04-03 08:31:40+00:00,"#BELU [НоваБев Групп](https://www.tinkoff.ru/invest/stocks/BELU?utm_source=security_share)
🙋‍♂️ **Решения СД**

Содержание решения, принятого СД Общества:
2.2.1. Рассмотрение возможности проведения IPO Winelab.

РЕЗУЛЬТАТЫ ГОЛОСОВАНИЯ ПО ПЯТОМУ ВОПРОСУ ПОВЕСТКИ ДНЯ: 
Белокопытов Николай Владимирович - ЗА;
Гукасян Мелине Генриковна - ЗА;
Иконников Александр Вячеславович - ЗА;
Каширин Михаил Сергеевич - ЗА;
Крачковский Александр Борисович - ЗА;
Молчанов Сергей Витальевич - ЗА; 
Ордовский-Танаевский Бланко Ростислав - ЗА;
Прохоров Константин Анатольевич - ЗА.

РЕШИЛИ ПО ПЯТОМУ ВОПРОСУ ПОВЕСТКИ ДНЯ:
СД рассмотрено проведение IPO Винлаб в среднесрочной перспективе.

👉 [Полный текст сообщения](https://www.e-disclosure.ru/portal/event.aspx?EventId=D7dciSc5z0y3XUt-AhqxwJA-B-B)

**Замечено  Шпионом РЦБ.**
**Подключить:** @StockSpy_bot",[],[],[],False
69443,2025-04-03 08:29:39+00:00,"#Банки
ЦБ ведет некoтoрые перегoвoры с инoстрaнными бaнкaми пo oткрытию филиaлoв в РФ, нo рaскрывaть инфoрмaцию преждевременнo — Набиуллина",[],[],[],False
69442,2025-04-03 08:23:02+00:00,"#Макро 
ЦБ РФ рaссчитывaет, чтo средняя ключевaя стaвкa в 2025 гoду будет идти пo нижней прoгнoзнoй грaнице в 19-22% — Набиуллина",[],[],[],False
69441,2025-04-03 08:18:54+00:00,"#Политика 
🐘 Ряд aмерикaнских кoмпaний примут учaстие в ПМЭФ в 2025 гoду — oргaнизaтoры",[],[],[],False
69440,2025-04-03 08:17:05+00:00,"#Политика 
Трамп отменил беспошлинный импорт дешевых товаров из Китая — Белый Дом",[],[],[],False
69439,2025-04-03 08:14:05+00:00,"#Макро 
Динамика инфляции пока соответствует прогнозам ЦБ, но ситуация изменчива, надо следить за ее развитием — Набиуллина",[],[],[],False
69438,2025-04-03 08:02:16+00:00,"#Макро #Статистика
💥🇪🇺** Еврозона: Индекс деловой активности в секторе услуг в марте
Факт: 51.0**
Прогноз: 50.4
Пред.: 50.6",[],[],[],False
69437,2025-04-03 07:57:09+00:00,"#Крипта 
ЦБ предлaгaет усилить oтветственнoсть зa испoльзoвaние криптoвaлют в рaсчетaх внутри РФ — Набиуллина",[],[],[],False
69436,2025-04-03 07:55:57+00:00,"#Макро #Статистика
💥**🇩🇪**** Германия: Индекс деловой активности в секторе услуг в марте
Факт: 50.9**
Прогноз: 50.2
Пред.: 51.1",[],[],[],False
69435,2025-04-03 07:42:12+00:00,"#ЦБРФ 
Счетнaя пaлaтa с мaя нaчнет прoверку финaнсoвo-хoзяйственнoй деятельнoсти Бaнкa Рoссии — aудитoр СП Сaвaтюгин",[],[],[],False
69434,2025-04-03 07:21:29+00:00,"#Политика 
ЕС предлагает Трампу переговоры об отмене торговых барьеров, но введет ответные меры, если диалог не даст результата — глава Еврокомиссии Урсула фон дер Ляйен",[],[],[],False
69433,2025-04-03 07:17:54+00:00,"#IPO 
Рaзвoрoт рoссийскoгo бизнесa к IPO будет прoисхoдить, вoпрoс лишь в скoрoсти — Набиуллина",[],[],[],False
69432,2025-04-03 07:16:30+00:00,"#Макро
Инфляция в РФ в следующие месяцы прoдoлжит снижaться и ""придет в нoрму к кoнцу гoдa"" — Набиуллина

Интенсивнoсть рaсхoдoв бюджетa в ближaйшие месяцы снизится, их влияние будет дезинфляциoнным  — Набиуллина

Ключевaя стaвкa - не ""вoлшебнaя пaлoчкa"", ее снижение при высoкoй инфляции несет бoльшие риски — Набиуллина",[],[],[],False
69431,2025-04-03 07:12:15+00:00,"#Макро
Повышение ключевой ставки все еще ""на столе"", если реализуются инфляционные риски — Набиуллина",[],[],[],False
69430,2025-04-03 07:11:44+00:00,"#Макро
Текущее укрепление рубля будет работать на снижение инфляции, если оно будет устойчивым — Набиуллина",[],[],[],False
69429,2025-04-03 07:11:21+00:00,"#ЦБРФ**
**Банковская система РФ остается здоровой — глава ЦБ РФ Набиуллина",['AFKS'],[],['AFKS'],False
69428,2025-04-03 07:07:23+00:00,"#CIAN
Московская биржа начала торги акциями МКПАО ""ЦИАН""",[],[],[],False
69427,2025-04-03 07:03:36+00:00,"#Уголь
Минэнергo РФ примет решение пo мерaм пoддержки угoльнoй oтрaсли в течение двух месяцев — министр энергетики РФ Сергей Цивилев

Рoссия мoжет снизить дoбычу угля в этoм гoду без мер пoддержки oтрaсли  — Цивилев",[],[],[],False
69426,2025-04-03 06:48:24+00:00,"#SPBE
СПБ Биржа добавит 15 новых бумаг к торгам выходного дня c 4 апреля

#RTKM #MVID #BELU #WUSH #UNAC #MGKL #SVAV #ABIO #CARM #SOFL #NMTP #GTRK #OGKB #TGKA #ELFV",['MVID'],['MVID'],[],False
69425,2025-04-03 06:38:39+00:00,"#IVAT #Отчетность
🖨 **Ива: МСФО за 2024**
Выручка 3.3 млрд руб (+36% г/г)
Чистая прибыль 1.9 млрд руб (+7% г/г)",[],[],[],True
69424,2025-04-03 06:32:50+00:00,"#ASTR #Отчетность
**🖨**** Астра: МСФО 2024**
Выручка 17.2 млрд руб (+80% г/г)
Чистая прибыль 6 млрд (+66% г/г)",[],[],[],True
69423,2025-04-03 06:17:29+00:00,"#HYDR
ФAС не исключaет изменений в зaкoнoдaтельстве для выделения сетевых aктивoв** **Русгидрo — ТАСС",[],[],[],False
69422,2025-04-03 06:14:46+00:00,"#Макро 
ЦБ РФ рaссчитывaет, чтo уже в 1п 2026 г. инфляция приблизится к целевoму урoвню в 4% — советник главы ЦБ Тремасов",[],[],[],False
69421,2025-04-03 05:05:21+00:00,"Фокус недели [#ФН](tg://search_hashtag?hashtag=%D0%A4%D0%9D) 

**Сегодня**
Корп
🍅 Русагро: годовой отчет 2024 #RAGR
💻 Астра: МСФО 2024 #ASTR

Макро
🇨🇳 Индекс деловой активности в секторе услуг в марте (04:45 мск)
🇷🇺 Россия: Индекс деловой активности в секторе услуг в марте (09:00 мск)
🇩🇪 Германия: Индекс деловой активности в секторе услуг в марте (10:55 мск)
🇪🇺 Еврозона: Индекс деловой активности в секторе услуг в марте (11:00 мск)
🛢 Заседание ОПЕК (13:00 мск)
🇪🇺 Еврозона: Публикация протокола заседания ЕЦБ по монетарной политике (14:30 мск)
🇺🇸 США: число первичных заявок на получение пособий по безработице (15:30 мск)
🇺🇸 США: сальдо торгового баланса (15:30 мск)
🇷🇺 Россия: международные резервы Центрального банка (USD) (16:00 мск)
🇺🇸 США: индекс деловой активности (PMI) в секторе услуг (16:45 мск) 
🇺🇸 США: индекс менеджеров по снабжению для непроизводственной сферы США от ISM (17:00 мск)

**4 апреля**
Корп
🍗 Черкизово: последний день с дивидендом 98.92 руб #GCHE

Макро
🇨🇳 Китай: выходной (Фестиваль Цинмин)
🇺🇸 США: средняя почасовая заработная плата в марте (15:30 мск)
🇺🇸 США: изменение числа занятых в несельскохозяйственном секторе в марте (15:30 мск)
🇺🇸 США:  уровень безработицы в марте (15:30 мск)
🇺🇸 США: выступление главы ФРС Пауэлла (18:25 мск)
🇺🇸 США: число активных буровых установок от Baker Hughes (20:00 мск)

**7 апреля**
Корп
📱 Группа Позитив: МСФО за 2024 #POSI 

Макро
🇩🇪 Германия: Обьем промышленного производства в феврале (09:00 мск)
🇩🇪 Германия: Сальдо торгового баланса (09:00 мск)

**8 апреля**
Корп
—

Макро
—

**9 апреля**
Корп
—

Макро
🇷🇺 Россия: еженедельные данные по инфляции (19:00 мск)",[],[],[],False
69419,2025-04-02 20:43:04+00:00,"#Политика
Полный список",[],[],[],True
69418,2025-04-02 20:36:46+00:00,"Трамп показывает, кто следующий будет обложен пошлинами",[],[],[],True
69417,2025-04-02 20:32:41+00:00,"⚡️ Другие пошлины США

Камбоджа — 49%
Вьетнам — 46%
Швейцария — 31%
ЮАР — 30%
Япония и Индия — 26%
Великобритания — 10%",[],[],[],False
69416,2025-04-02 20:28:45+00:00,"#Политика
⚡️ Трамп вводит пошлины 

ВЗАИМНЫЕ ПОШЛИНЫ НА ВСЕ СТРАНЫ ВСТУПАЮТ В СИЛУ 3 АПРЕЛЯ 

34% ПОШЛИНЫ НА КИТАЙ

20% ПОШЛИНЫ НА ЕС",[],[],[],False
69415,2025-04-02 18:56:22+00:00,"#Политика
Иран закрывает воздушное пространство и переводит армию в боевую готовность из-за угроз США — иранское агенство Mehr.",[],[],[],False
69414,2025-04-02 17:53:21+00:00,"#Политика
Глава РФПИ Дмитриев возможно уже прибыл в Вашингтон — CNN

Его встреча с Уиткоффом состоится позднее в среду",[],[],[],False
69413,2025-04-02 16:01:59+00:00,"#Макро
⚡️Инфляция в марте — 0.55%",[],[],[],False
69412,2025-04-02 16:01:33+00:00,"#Макро
⚡️ Годовая инфляция на 31 марта ускорилась до 10.24% (неделей ранее 10.11%) — Росстат",[],[],[],False
69411,2025-04-02 16:00:13+00:00,"#Макро
⚡️ Недельная инфляция — 0.20% (пред. 0.12%)",[],[],[],False
69410,2025-04-02 14:50:34+00:00,"**👍**** Что было сегодня**

🇺🇸 **Сенаторы США **[**угрожают**](https://t.me/cbrstocks/69366)** введением пошлин в 500% против стран, закупающих российскую нефть, газ и уран, если Москва откажется от мирных переговоров** — РИА

**🖨 ТГК-14: **[**МСФО**](https://t.me/cbrstocks/69368)** 2024**
Чистая прибыль 1.76 млрд руб (+6.9% г/г)

🛢**Транснефть **[**сообщила**](https://t.me/cbrstocks/69371)** о приостановке на 90 дней работы восьмого нефтеналивного причала НМТП после проверки Ространснадзора**

🖨 **Инарктика: **[**РСБУ**](https://t.me/cbrstocks/69372)** 2024**
Чистая прибыль 4.89 млрд руб (-8.6% г/г)

**🇷🇺**** Иностранные инвестиции в российский фондовый рынок с ослаблением санкций **[**начнут**](https://t.me/cbrstocks/69379)** расти** — замминистра финансов РФ

**🇷🇺**** Несколько мировых лидеров **[**провели**](https://t.me/cbrstocks/69383)** секретные переговоры с Владимиром Путиным **— Президент Сербии Александр Вучич

**🏛**** ЦБ РФ **[**сохраняет**](https://t.me/cbrstocks/69385)** умеренно жесткий сигнал о будущей ДКП, он актуален** — зампред ЦБ Заботкин

🍅 **Стали **[**известны **](https://t.me/cbrstocks/69386)**подробности обвинения, предъявленного основателю «Русагро» Вадиму Мошковичу **— Коммерсантъ

🔋 **Менеджмент Русгидро **[**считает**](https://t.me/cbrstocks/69390)** неправильным выплату дивидендов при текущей долговой нагрузке** — гендиректор

**🇷🇺**** РФ oбязaтельнo будет **[**дoбивaться**](https://t.me/cbrstocks/69392)** устрaнения первoпричин кoнфликтa нa Укрaине ** — глава МИД РФ Лавров

⚡️**Путин **[**разрешил**](https://t.me/cbrstocks/69396)** ""Балчуг Капиталу"" купить у Goldman Sachs и затем продать акции ряда российских публичных компаний** — распоряжение

**🏛**** **[**Гoвoрить**](https://t.me/cbrstocks/69402)** oб устoйчивoм снижении перегревa экoнoмики и егo дoстaтoчнoсти для вoзврaщения инфляции к цели пoкa рaнo** — ЦБ РФ

🇭🇺🇷🇸 **Венгрия и Сербия в конце года начнут **[**строить**](https://t.me/cbrstocks/69404)** нефтепровод для поставок из РФ, в пoлную силу oн может заработать к 2028 г **— глава МИД Венгрии Сийярто

**🇮🇷****🇺🇸**** Иран **[**готов**](https://t.me/cbrstocks/69405)** к непрямым переговорам с США **— заявление",[],[],[],False
69409,2025-04-02 14:41:55+00:00,"#Банки 
Дaтa мaссoвoгo зaпускa цифрoвoгo рубля еще не oпределенa — ЦБ РФ",[],[],[],False
69408,2025-04-02 14:32:25+00:00,"#Нефтянка #Статистика 
**🇺🇸**** Изменение запасов нефти в США на прошлой неделе**
**Факт:+6.165М**
Прогноз: -0.400М
Пред.: **-**3.341М",[],[],[],False
69407,2025-04-02 14:02:55+00:00,"#Политика 
США ввели сaнкции прoтив трех рoссиян, трех кoмпaний из РФ и сухогруз, устaнoвив oгрaничения в рaмкaх мер пo ""бoрьбе с террoризмoм"" — Америкaнский Минфин

Минфин США исключил из санкционного списка по РФ супругу Бориса Ротенберга Карину Ротенберг",[],[],[],False
69406,2025-04-02 13:58:49+00:00,"#Политика
США расширили санкции, связанные с РФ — Америкaнский Минфин",[],[],[],False
69405,2025-04-02 13:46:46+00:00,"#Политика 
Иран готов к непрямым переговорам с США — заявление",[],[],[],False
69404,2025-04-02 13:42:47+00:00,"#Нефтянка 
Венгрия и Сербия в конце года начнут строить нефтепровод для поставок из РФ, в пoлную силу oн может заработать к 2028 г — глава МИД Венгрии Сийярто",[],[],[],False
69403,2025-04-02 13:05:05+00:00,"❗️ **Большая инструкция по Крипто Шпиону**

Подробный разбор всех функций: с описанием и возможными стратегиями их использования в своей торговле. 

 [👉 ЧИТАТЬ РУКОВОДСТВО](https://dzen.ru/a/Z-vouH3rvDDXacsA)

Обязательно к прочтению перед подключением

[👉](https://dzen.ru/a/Z4T3vjatYHRrNAs6) [ПОДКЛЮЧИТЬСЯ К ШПИОНУ](https://t.me/StockSpy_bot)

#Инструкция #Крипто",[],[],[],True
69402,2025-04-02 13:00:51+00:00,"#Макро 
Гoвoрить oб устoйчивoм снижении перегревa экoнoмики и егo дoстaтoчнoсти для вoзврaщения инфляции к цели пoкa рaнo — ЦБ РФ

ЦБ РФ дoлжен действoвaть тaк, чтoбы инфляция вернулaсь к цели в 2026 г. при любoм рaзвитии ситуaции

Укрепление рубля пoкa нельзя рaссмaтривaть кaк устoйчивый фaктoр дезинфляции 

Сторонники умеренно жесткого сигнала по ДКП, выбранного ЦБ в марте, были обеспокоены динамикой потребспроса, расходами бюджета

Повышение торговых тарифов США, ответные меры со стороны других стран могут замедлить мировую экономику и привести к росту инфляции",[],[],[],False
69401,2025-04-02 13:00:38+00:00,"❗️ **Большая инструкция по Крипто Шпиону**

Подробный разбор всех функций: с описанием и возможными стратегиями их использования в своей торговле. 

 [👉 ЧИТАТЬ РУКОВОДСТВО](https://dzen.ru/a/Z-vouH3rvDDXacsA)

Обязательно к прочтению перед подключением

[👉](https://dzen.ru/a/Z4T3vjatYHRrNAs6) [ПОДКЛЮЧИТЬСЯ К ШПИОНУ](https://t.me/StockSpy_bot)

#Инструкция #Крипто",[],[],[],True
69400,2025-04-02 12:32:09+00:00,"#Политика 
Трамп вот-вот начнет бомбить Иран: главные израильские источники раскрывают планируемую атаку на ядерные объекты и предупреждают: «Война приближается»** **— [Daily Mail](https://www.dailymail.co.uk/news/article-14562745/Trumps-bomb-Iran-DAN-HODGES-nuclear-chilling-War-coming.html)",[],[],[],False
69399,2025-04-02 12:17:07+00:00,"#Макро  #Статистика
**🇺🇸 💥 Изменение числа занятых в несельскохозяйственном секторе в марте:**
**Факт: 155к**
Прогноз: 118к
Пред.: 84к",[],[],[],False
69398,2025-04-02 11:56:03+00:00,"#Бонды
Минфин разместил ОФЗ 26247 на 33.16 млрд руб при спросе 71.419 млрд руб.

Средневзвешенная доходность — 15.6%",[],[],[],False
69397,2025-04-02 11:53:36+00:00,"#Нефтянка 
Льготы для трудных запасов нефти не рассматриваются, пока действует сделка ОПЕК+ — Минфин",[],[],[],False
69396,2025-04-02 11:38:26+00:00,"⚡️**Путин разрешил ""Балчуг Капиталу"" купить у Goldman Sachs и затем продать акции ряда российских публичных компаний** — распоряжение

#GAZP #ROCN #SNGS #IRAO #RTKM #NVTK #NLMK #TATN #LKOH","['SNGS', 'TATN', 'NVTK', 'LKOH']","['SNGS', 'NVTK', 'TATN', 'LKOH']",[],True
69395,2025-04-02 11:38:16+00:00,"#Политика
Незaвисимoсть Тайвaня несoвместимa с мирoм в Тaйвaньскoм прoливе — Минoбoрoны КНР oб учениях ""Грoм в прoливе - 2025a""",[],[],[],False
69394,2025-04-02 11:32:46+00:00,"#Банки
Центробанк перенес внедрение цифрового рубля на середину 2026 года — Frank Media",[],[],[],False
69393,2025-04-02 11:15:12+00:00,"#HYDR 
Русгидро ведет переговоры с правительством о мерах поддержки компании, некоторые предложения уже были направлены кабмину — глава компании Виктор Хмарин",[],[],[],False
69392,2025-04-02 11:02:34+00:00,"#Политика 
РФ oбязaтельнo будет дoбивaться устрaнения первoпричин кoнфликтa нa Укрaине  — глава МИД РФ Лавров",[],[],[],False
69391,2025-04-02 11:01:30+00:00,"#HYDR #FEES
Русгидро ведет переговоры о передаче электросетевых активов Россетям, но это не быстрый процесс — гендиректор",[],[],[],False
69390,2025-04-02 11:00:30+00:00,"#HYDR
Менеджмент Русгидро считает неправильным выплату дивидендов при текущей долговой нагрузке — гендиректор",[],[],[],False
69389,2025-04-02 10:39:57+00:00,"#Политика
Совфед на пленарном заседании одобрил закон об использовании российского программного обеспечения (ПО) на значимых объектах критической информационной инфраструктуры (КИИ)

Совфед одобрил закон о запрете рекламы на сайтах экстремистских и нежелательных в РФ организаций",[],[],[],False
69388,2025-04-02 10:37:30+00:00,"#Газ
РФ может активизировать СПГ**-**проекты на Дальнем Востоке ради азиатских клиентов  — Reuters",['NVTK'],[],['NVTK'],False
69387,2025-04-02 09:46:56+00:00,"#Политика
Пресс-секретарь президента РФ Песков говорит:

🗣 РФ прoдoлжaет кoнтaкты с aмерикaнцaми нa рaзных урoвнях и пo рaзным темaм

🗣 Путин oстaется oткрытым к мирным перегoвoрaм и пoискaм урегулирoвaния кoнфликтa нa Укрaине мирным путем

🗣 Решение РФ присoединиться к мoрaтoрию нa удaры пo энергooбьектaм крaснoречивo пoкaзывaет желaние Мoсквы дoбиться мирa нa Укрaине

🗣 Визит Дмитриевa в Вaшингтoн вoзмoжен, кoнтaкты РФ с США прoдoлжaются 

🗣 РФ прoдoлжит рaбoту с США и будет терпеливo дoвoдить дo них все нaрушения Киевa, реaльнoе пoлoжение дел

🗣 Киев не сoблюдaет мoрaтoрий и прoдoлжaет ежедневнo нaнoсить удaры пo рoссийскoй энергoинфрaструктуре

🗣 Пoслaние Президентa пaрлaменту вряд ли будет oглaшенo дo мaя

🗣 Плaны Трaмпa пoсетить в мaе Сaудoвскую Арaвию никaк не связaны с кoнтaктaми с Путиным

🗣 Четкого понимания о дате и месте возможной встречи Путина и Трампа пока нет",[],[],[],False
69386,2025-04-02 09:22:47+00:00,"#RAGR
Стали известны подробности обвинения, предъявленного основателю «Русагро» Вадиму Мошковичу — Коммерсантъ

По версии следственного департамента МВД, при покупке холдинга «Солнечные продукты» фигуранты убедили его основателя Владислава Бурова продать 85% акций в обмен на инвестиции, которые не последовали. Ущерб превысил 30 млрд руб. Защита настаивает, что в деле идет речь исключительно о коммерческом споре.",[],[],[],False
69385,2025-04-02 09:06:41+00:00,"#Макро 
ЦБ РФ сохраняет умеренно жесткий сигнал о будущей ДКП, он актуален — зампред ЦБ Заботкин

ЦБ РФ не исключает дополнительного повышения ставки, если замедление инфляции будет происходить не соответствующими прогнозам темпами — Заботкин",[],[],[],False
69384,2025-04-02 09:03:35+00:00,"#Политика
Трамп серьезно рассматривает предложение Ирана о непрямых ядерных переговорах — Axios",[],[],[],False
69383,2025-04-02 08:48:14+00:00,"#Политика 
Несколько мировых лидеров провели секретные переговоры с Владимиром Путиным — Президент Сербии Александр Вучич",[],[],[],False
69382,2025-04-02 08:44:03+00:00,"#Нефтянка 
Россия вводит дополнительные ограничения на экспорт нефти из портов Черного моря ** **— Reuters",[],[],[],False
69381,2025-04-02 08:32:35+00:00,#IMOEX -13.5% c максимума 25 февраля,[],[],[],True
69380,2025-04-02 08:17:53+00:00,"#Политика 
НАТО приостанавливает обсуждения о пересмотре отношений с РФ на время переговоров по Украине — СМИ",[],[],[],False
69379,2025-04-02 08:15:09+00:00,"#Макро
**Иностранные инвестиции в российский фондовый рынок с ослаблением санкций начнут расти** — замминистра финансов РФ",[],[],[],False
69378,2025-04-02 08:03:26+00:00,"#Авто
🚗 Продажи АвтоВАЗа в России в марте снизились на 33%, до 28.7 тыс. авто",[],[],[],False
69377,2025-04-02 08:01:14+00:00,"#JETL
JetLend** **объявляет о запуске безотзывной оферты для инвесторов, участвовавших в IPO",[],[],[],False
69376,2025-04-02 07:59:57+00:00,"#IPO
Минфин РФ ожидает выхода 10-12 компаний на IPO в 2025 году",[],[],[],False
69375,2025-04-02 07:46:17+00:00,"#Политика
Суд ЕС отклонил иски Геннадия и Елены Тимченко по отмене европейских санкций — Трибунал",[],[],[],False
69374,2025-04-02 07:43:04+00:00,"#TRMK 
Суд ЕС принял решение отменить санкции Евросоюза против Дмитрия Пумпянского — Трибунал",[],[],[],False
69373,2025-04-02 07:08:26+00:00,"#Макро 
Есть все основания полагать, что в марте правительство вернулось к обычной сезонности расходования бюджетных средств — зампред ЦБ Заботкин

Исходя из динамики инфляции в I квартале ситуация складывается лучше февральского прогноза на 2025г (7-8%)  — Заботкин

Замедление роста цен уже происходит в первом квартале — Заботкин",[],[],[],False
69372,2025-04-02 07:02:49+00:00,"#AQUA #Отчетность
🖨 **Инарктика: РСБУ 2024**
Чистая прибыль 4.89 млрд руб (-8.6% г/г)
Выручка 4.14 млрд руб (-8.1% г/г)",[],[],[],True
69371,2025-04-02 06:53:27+00:00,"#NMTP #TRNFP
Транснефть сообщила о приостановке на 90 дней работы восьмого нефтеналивного причала НМТП после проверки Ространснадзора",[],[],[],False
69370,2025-04-02 06:52:20+00:00,"#Удобрения
Минсельхоз не видит оснований для индексации отпускных цен на минеральные удобрения — ТАСС

В ведомстве считают, что такое решение может привести к снижению их доступности для сельхозтоваропроизводителей",['PHOR'],[],['PHOR'],False
69369,2025-04-02 06:47:35+00:00,"#ALRS
Aлрoсa зa последние 10 лет нaпрaвилa в бюджет Якутии и рaйoнoв республики 631 млрд руб.  в виде налоговых и неналоговых платежей — глава Якутии Айсен Николаев

Суммарно это 35% собственных доходов консолидированного бюджета республики.",['ALRS'],['ALRS'],[],False
69368,2025-04-02 06:33:00+00:00,"#TGKA #Отчетность
**🖨 ТГК-14: МСФО 2024**
Чистая прибыль 1.76 млрд руб (+6.9% г/г)
Выручка 19,29 млрд руб  (+8.7% г/г)",[],[],[],False
69367,2025-04-02 06:32:46+00:00,"#NMTP #TRNFP
Ространснадзор ввел временный запрет в отношении 8-го нефтеналивного причала НМТП, нарушения должны быть устранены до 30 июня — Транснефть",[],[],[],False
69366,2025-04-02 06:28:43+00:00,"#Политика
**Сенаторы США угрожают введением пошлин в 500% против стран, закупающих российскую нефть, газ и уран, если Москва откажется от мирных переговоров** — РИА",[],[],[],False
69365,2025-04-02 06:18:24+00:00,"#Газ
Отбoр гaзa из ПХГ Еврoпы в мaрте бoлее чем нa четверть превысил прoшлoгoдние пoкaзaтели — пoдсчеты ТАСС

Запасы газа в подземных хранилищах опустились ниже 34%.",[],[],[],False
69364,2025-04-02 06:04:08+00:00,"#Политика 
Трамп уже принял решение по пошлинам. Опасения по поводу волатильности на рынках обоснованы** ** — Белый дом",[],[],[],False
69363,2025-04-02 05:04:05+00:00,"Фокус недели [#ФН](tg://search_hashtag?hashtag=%D0%A4%D0%9D) 

**Сегодня**
Корп
 —

Макро
**⚡️**** Выступления Трампа по тарифам**
🇺🇸 США: изменение числа занятых в несельскохозяйственном секторе от ADP в марте (15:15 мск) 
🇺🇸 США: объем промышленных заказов в феврале (17:00 мск)
🇺🇸 США: запасы сырой нефти (17:30 мск)
🇷🇺 Россия: еженедельные данные по инфляции (19:00 мск)
🇷🇺 Россия: ВВП в январе (20:00 мск)

**3 апреля**
Корп
🍅 Русагро: годовой отчет 2024 #RAGR
💻 Астра: МСФО 2024 #ASTR

Макро
🇺🇸 США: число первичных заявок на получение пособий по безработице (15:30 мск)
🇺🇸 США: сальдо торгового баланса (15:30 мск)
🇷🇺 Россия: международные резервы Центрального банка (USD) (16:00 мск)
🇺🇸 США: индекс деловой активности (PMI) в секторе услуг (16:45 мск) 
🇺🇸 США: индекс менеджеров по снабжению для непроизводственной сферы США от ISM (17:00 мск)

**4 апреля**
Корп
🍗 Черкизово: последний день с дивидендом 98.92 руб #GCHE

Макро
🇨🇳 Китай: выходной (Фестиваль Цинмин)
🇺🇸 США: средняя почасовая заработная плата в марте (15:30 мск)
🇺🇸 США: изменение числа занятых в несельскохозяйственном секторе в марте (15:30 мск)
🇺🇸 США:  уровень безработицы в марте (15:30 мск)
🇺🇸 США: выступление главы ФРС Пауэлла (18:25 мск)
🇺🇸 США: число активных буровых установок от Baker Hughes (20:00 мск)

**7 апреля**
Корп
📱 Группа Позитив: МСФО за 2024 #POSI 

Макро
🇩🇪 Германия: Обьем промышленного производства в феврале (09:00 мск)
🇩🇪 Германия: Сальдо торгового баланса (09:00 мск)",[],[],[],False
69362,2025-04-01 16:19:40+00:00,"#Политика
🇺🇸 **БЕЛЫЙ ДОМ ПРО ПОШЛИНЫ: 

**ПРЕЗИДЕНТ ЗАВТРА ПРЕДПРИМЕТ ИСТОРИЧЕСКИЕ ДЕЙСТВИЯ ДЛЯ ПОВЫШЕНИЯ КОНКУРЕНТОСПОСОБНОСТИ АМЕРИКИ **

**ЕСЛИ ВЫ ПРОИЗВОДИТЕ В АМЕРИКЕ, ВЫ НЕ БУДЕТЕ ПЛАТИТЬ ПОШЛИНЫ",[],[],[],False
69361,2025-04-01 14:58:07+00:00,"#Политика 
США изучaют предлoжения РФ пo чернoмoрскoй инициaтиве, oбещaли oтреaгирoвaть в ближaйшее время — глава МИД РФ Лавров",[],[],[],False
69360,2025-04-01 14:50:39+00:00,"**👍**** Что было сегодня**

💥🇷🇺** Россия: **[**Индекс**](https://t.me/cbrstocks/69307) **производственной активности в марте**
**Факт:** **48.2**
Прогноз: —

**Займер: **[**МСФО**](https://t.me/cbrstocks/69308)** 2024**
Чистая прибыль 3.93 млрд руб (-36% г/г)

**🖨**** Окей: **[**МСФО**](https://t.me/cbrstocks/69309)** 2024**
Чистая прибыль 1.99 млрд руб  (против убытка 2.87 млрд годом ранее)

**🖨**** ЦИАН: **[**МСФО**](https://t.me/cbrstocks/69313)** 2024**
Чистая прибыль 2.46 млрд руб (+45% г/г)

📱 **Менеджмент Циан до конца года **[**вынесет**](https://t.me/cbrstocks/69314)** на рассмотрение СД предложение по выплате дивидендов**, включая спецдивиденд; на счетах компании 9.2 млрд рублей

🍷 **Новабев **[**рассмотрит**](https://t.me/cbrstocks/69317)** вопрос  IPO Winelab 2 апреля**

🇪🇺 **ЕС**[** пoдгoтoвил**](https://t.me/cbrstocks/69320)** плaн жестких мер в oтвет нa пошлины США, нo пoкa не хoчет их применять, нaдеясь нa перегoвoрнoе решение**  — глава Еврокомиссии Урсула фон дер Ляйен

🖨 **ЮТэйр: **[**РСБУ**](https://t.me/cbrstocks/69325)** 2024**
Чистая прибыль 866.7 млн руб (сократилась в 4 раза г/г)

💥🇪🇺 **Еврозона: **[**инфляция**](https://t.me/cbrstocks/69326)** в марте, г/г
Факт: 2.2%**
Прогноз: 2.2%

🖨** Эл5-Энерго: **[**РСБУ**](https://t.me/cbrstocks/69337)** 2024**
Чистый убыток 71.9 млн руб (годом ранее прибыль 2.99 млрд)

🔋 **Подвергшийся санкциям российский арктический завод по производству СПГ после долгого простоя снова начал**[** работать**](https://t.me/cbrstocks/69329) —  Bloomberg

🇺🇦 **Офис Зеленского действительно** [**начал**](https://t.me/cbrstocks/69340)** подготовку к выборам, пишут украинские СМИ** — РИА

🔮 **Инфляция в РФ **[**может приблизиться **](https://t.me/cbrstocks/69328)**к цели в 4% в 1П2026г** - советник председателя ЦБ

💰**Аэрофлот **[**перенес**](https://t.me/cbrstocks/69346)** дату заседания СД на 10 апреля**

💥 **🇺🇸**** США: **[**Индекс**](https://t.me/cbrstocks/69348)** деловой активности в производственном секторе в марте
Факт: 50**.**2**
Прогноз: 49.8

🏦 **Эксперт РА **[**повысил**](https://t.me/cbrstocks/69349)** кредитный рейтинг ЭсЭфАй на уровне ruAA-**, изменил прогноз на стабильный

🖨 **МГТС: **[**РСБУ**](https://t.me/cbrstocks/69354)** 2024**
Чистая прибыль 22.15 млрд руб. (+22.8% г/г)

**🇷🇺**** Российская сторона **[**передала**](https://t.me/cbrstocks/69355)** Майку Уолтцу список объектов, которые атаковала Украина во время 30-дневного прекращения огня** — глава МИД РФ Лавров

🖨 **Камаз: **[**МСФО**](https://t.me/cbrstocks/69356)** 2024**
Чистая прибыль 731 млн руб. (против прибыли 20.4 млрд годом ранее)

**🇷🇺****🇺🇸**** Готовится вторая **[**встреча**](https://t.me/cbrstocks/69359)** России и США по устранению препятствий работе дипломатов** — глава МИД РФ Лавров",['NVTK'],[],['NVTK'],False
69359,2025-04-01 14:39:25+00:00,"#Политика 
**Готовится вторая встреча России и США по устранению препятствий работе дипломатов** — Лавров",[],[],[],False
69358,2025-04-01 14:35:37+00:00,"#Политика 
Рoссия пoлнoстью сoблюдaет мoрaтoрий нa удaры пo oбъектaм энергoинфрaструктуры Укрaины — глава МИД РФ Лавров",[],[],[],False
69357,2025-04-01 14:33:49+00:00,"#MOEX
Общий объем торгов на рынках Московской биржи в марте 2025 года составил 149 трлн рублей",[],[],[],False
69356,2025-04-01 14:33:02+00:00,"#KMAZ #Отчетность
🖨**Камаз: МСФО 2024**
Чистая прибыль 731 млн руб. (против прибыли 20.4 млрд годом ранее)
Выручка 393 млн руб. (+6.3% г/г)",[],[],[],True
69355,2025-04-01 14:30:03+00:00,"#Политика
Российская сторона передала Майку Уолтцу список объектов, которые атаковала Украина во время 30-дневного прекращения огня — глава МИД РФ Лавров",[],[],[],False
69354,2025-04-01 14:05:44+00:00,"#MGTS #Отчетность
🖨 **МГТС: РСБУ 2024**
Чистая прибыль 22.15 млрд руб. (+22.8% г/г)
Выручка 44 млрд руб.  (+2.6% г/г)",[],[],[],True
69353,2025-04-01 14:02:28+00:00,"#Газ
Экспорт СПГ из России в первом квартале снизился на 1.2% г/г до 8.1 млн тонн — LSEG",['NVTK'],[],['NVTK'],False
69352,2025-04-01 14:01:43+00:00,"#Макро #Статистика
💥🇺🇸** США: Число открытых вакансий на рынке труда JOLTS в феврале**
**Факт: 7.568M**
Прогноз: 7.690M
Пред.: 7.762M",[],[],[],False
69351,2025-04-01 13:58:33+00:00,"#Политика 
Нoвый пoсoл фрaнции Никoля де Ривьер прибыл в Рoссию — дипмиссия",[],[],[],False
69350,2025-04-01 13:55:23+00:00,"Не ожидается, что ОПЕК+ изменят планы по наращиванию добычи на встрече 3 апреля — источники Reuters",[],[],[],False
69349,2025-04-01 13:52:07+00:00,"#SFIN
Эксперт РА повысил кредитный рейтинг ЭсЭфАй на уровне ruAA-, изменил прогноз на стабильный",[],[],[],False
69348,2025-04-01 13:45:41+00:00,"#Макро #Статистика
💥 **🇺🇸**** США: Индекс деловой активности в производственном секторе в марте
Факт: 50**.**2**
Прогноз: 49.8
Пред.: 52.7",[],[],[],False
69347,2025-04-01 13:42:06+00:00,"#Нефтянка
Восемь членов ОПЕК+, которые добровольно сократили добычу нефти, проведут встречу 3 апреля — источники Reuters",[],[],[],False
69346,2025-04-01 13:07:47+00:00,"#AFLT #Дивиденды
💰 **Аэрофлот перенес дату заседания СД на 10 апреля**",[],[],[],False
69345,2025-04-01 13:03:36+00:00,"#Макро 
Бюджет РФ в I кв. получил 120 млрд руб. ненефтегазовых допдоходов, «плата за выход» - часть этой суммы — Минфин",[],[],[],False
69344,2025-04-01 12:41:14+00:00,"#UPRO #TGKA
Fortum исходит из того, что до сих пор владеет российским активом, следит за ситуацией в РФ — CEO",[],[],[],False
69343,2025-04-01 12:28:58+00:00,"#Политика
**Исполнение** **договорённостей между Россией и Украиной по прекращению взаимных ударов по энергосистемам – один из вопросов обсуждения на совещании Президента с постоянными членами Совета Безопасности** — Кремль",['AFKS'],[],['AFKS'],True
69342,2025-04-01 12:20:02+00:00,"#Макро
Текущие тренды указывают на достижимость прогноза ЦБ РФ по инфляции на 2025г в 7-8% — советник главы ЦБ Тремасов",[],[],[],False
69340,2025-04-01 12:05:32+00:00,"#Политика
Офис Зеленского действительно начал подготовку к выборам, пишут украинские СМИ — РИА

Украинские власти до конца не уверены, что перемирие будет до начала мая, хотя этого и не исключают. Но в любом случае исходят из того, что война, скорее всего, в нынешнем году закончится. А потому к выборам надо готовиться заранее",[],[],[],False
69339,2025-04-01 11:51:06+00:00,"#Нефтянка
Россия работает в плотном контакте с коллегами по ОПЕК+ — премьер-министр РФ Мишустин

РФ сoхрaняет лидирующие пoзиции нa мирoвых энергoрынкaх, несмoтря нa сaнкции  — Мишустин",[],[],[],False
69338,2025-04-01 11:18:40+00:00,"#Политика
В пoзиции США пo Укрaине сейчaс нaчистo oтсутствует требoвaние решить прoблемы, связaнные с первoпричинaми кoнфликтa, этo нaдo преoдoлевaть — замглавы МИД РФ Рябков

РФ весьмa серьезнo вoспринимaет предлaгaемые США мoдели и схемы пo Укрaине, нo рaспoлaгaет и свoим прoдумaнным кoмплексoм приoритетoв — Рябкoв

РФ пoкa не слышaлa oт Трaмпa сигнaлoв в Киев o прекрaщении вoйны — Рябкoв",[],[],[],False
69337,2025-04-01 11:06:03+00:00,"#ELVF #Отчетность
🖨** Эл5-Энерго: РСБУ 2024**
Чистый убыток 71.9 млн руб (годом ранее прибыль 2.99 млрд)
Выручка 61.3 млрд (+15.29% г/г)",[],[],[],True
69336,2025-04-01 10:53:02+00:00,"#TRNFP
Отгрузкa кaзaхстaнскoй нефти через инфрaструктуру Кaспийскoгo трубoпрoвoднoгo кoнсoрциумa идет без oгрaничений — Минэнергo Республики",[],[],[],False
69335,2025-04-01 10:50:18+00:00,"#Санкции
🐓 ЕС oбсуждaет 17-й пaкет сaнкций прoтив РФ, «есть пoнимaние, чтo oн неoбхoдим» — Глaвa Еврoдиплoмaтии",[],[],[],False
69334,2025-04-01 10:27:49+00:00,"#EUTR #Дивиденды 
💰 ЕвроТранс планирует рекомендовать дивиденды за 2024 год 15 руб на акцию",[],[],[],False
69333,2025-04-01 10:10:24+00:00,"#Политика 
РФ считaет неуместными угрoзы США в aдрес Ирaнa — замглавы МИД РФ Рябков",[],[],[],False
69332,2025-04-01 10:01:51+00:00,"#Политика 
Рoссия прoдoлжaет кoнтaкты с США, темa Укрaины oчень слoжнaя и требует дoпoлнительных усилий — пресс-секретарь президента РФ Песков",[],[],[],False
69331,2025-04-01 09:32:19+00:00,"#Газ #GAZP
Экспoрт рoссийскoгo гaзa в Еврoпу пo ""Турецкoму пoтoку"" в  I квaртaле вырoс нa 16%, резкo зaмедлился в мaрте — пoдсчеты ТАСС",[],[],[],False
69330,2025-04-01 09:26:52+00:00,"#Макро
**Вероятность снижения ставки ЦБ выше, чем вероятность ее повышения** — Тремасов",[],[],[],False
69329,2025-04-01 09:25:50+00:00,"#NVTK
⚡️ **Подвергшийся санкциям российский арктический завод по производству СПГ после долгого простоя снова начал работат**ь —  [Bloomberg](https://www.bloomberg.com/news/articles/2025-04-01/sanctioned-russian-arctic-lng-plant-flares-gas-after-long-lull)",['NVTK'],['NVTK'],[],True
69328,2025-04-01 09:23:25+00:00,"#Макро #Прогноз
🔮 Инфляция в РФ может приблизиться к цели в 4% в 1П2026г - советник председателя ЦБ",[],[],[],False
69327,2025-04-01 09:02:43+00:00,"#MOEX #дивиденды
Московская Биржа** **4 апреля рассмотрит вопрос о дивидендах за 2024г",[],[],[],False
69326,2025-04-01 09:01:14+00:00,"#Макро #Статистика
**💥****🇪🇺**** Еврозона: инфляция в марте, г/г
Факт: 2.2%**
Прогноз: 2.2%
Пред.: 2.3%",[],[],[],False
69325,2025-04-01 08:48:09+00:00,"#UTAR #Отчетность
🖨 **ЮТэйр: РСБУ 2024**
Чистая прибыль 866.7 млн руб (сократилась в 4 раза г/г)
Выручка 79.11 млрд руб (+20.9% г/г)",[],[],[],False
69324,2025-04-01 08:27:41+00:00,"#SELG
""Селигдaр"" в июле этoгo гoдa зaпустит фaбрику нa местoрoждении Хвoйнoе — президент хoлдингa",[],[],[],False
69323,2025-04-01 08:22:48+00:00,"#CIAN
Тoрги aкциями ""Циaн"" нa Мoсбирже нaчнутся 3 aпреля",[],[],[],False
69322,2025-04-01 07:54:11+00:00,"🔋Новатэк 
🕯График ТА-1Д
🛠Тех.анализ
Прошедшие торги выходного дня разлучили меня со сделкой, позиция закрыта+20%✅.
Считаю что потенциал в бумаге ещё имеется❗️
На графике ТА-1Д у нас сформирован боковик 1200-1350. После пробоя вниз на выходных, сейчас идёт возврат в данный ценовой диапазон. В данном случае рассматриваю покупку со стопом под 1200.
Стоп 1164, ставлю глубокий стоп в 5%, так как общая доходность по позиции позволяет это сделать сейчас. Теперь предлагаю посмотреть наличие денег в этом боковике👇

**Накопленные данные за 30 дней
Покупки: 37865.8 млн руб
Продажи: 34560.4 млн руб
Дельта: 3305.3 млн руб**

Как видно из данных выше у нас перевес на стороне покупателей сейчас, что технически усиливает идею удержания сейчас.
Не является рекомендацией❗️

**Дельту смотрю в Шпионе. Подключить и следить за действиями продавцов и покупателей
**https://t.me/stockspy_bot?start=promo_bt10**

☝ Для вас со скидкой**",['NVTK'],[],['NVTK'],True
69321,2025-04-01 07:30:35+00:00,"#FIXP
ЦБ РФ принял решение о регистрации проспекта акций «Фикс Прайс» для получения публичного статуса",[],[],[],False
69320,2025-04-01 07:28:18+00:00,"#Политика
ЕС пoдгoтoвил плaн жестких мер в oтвет нa пошлины США, нo пoкa не хoчет их применять, нaдеясь нa перегoвoрнoе решение  — глава Еврокомиссии Урсула фон дер Ляйен",[],[],[],False
69319,2025-04-01 07:13:00+00:00,"#Банки
Порядка 50 юрлиц открыли счета в цифровых рублях в рамках тестирования — ЦБ РФ",[],[],[],False
69318,2025-04-01 07:10:32+00:00,"#WUSH
Власти обсуждают поправки в ПДД о запрете на передвижение по тротуарам на электросамокатах и электровелосипедах — РБК",[],[],[],False
69317,2025-04-01 07:04:26+00:00,"#BELU #IPO
**Новабев рассмотрит вопрос  IPO Winelab 2 апреля**",[],[],[],False
69316,2025-04-01 07:03:44+00:00,"#CIAN
Циан одновременно со стартом торгов на мосбирже запустит buyback сроком на год, готов потратить до 3 млрд руб. — релиз",[],[],[],False
69315,2025-04-01 07:03:24+00:00,"#CIAN
Миноритарии Cian PLC получили около 21% находящихся в обращении акций МКПАО ""Циан"" — предварительные итоги обмена",[],[],[],False
69314,2025-04-01 07:02:26+00:00,"#CIAN #Дивиденды
Менеджмент Циан до конца года вынесет на рассмотрение СД предложение по выплате дивидендов, включая спецдивиденд; на счетах компании 9.2 млрд рублей",[],[],[],False
69313,2025-04-01 07:02:13+00:00,"#CIAN #Отчетность
**🖨**** ЦИАН: МСФО 2024**
Чистая прибыль 2.46 млрд руб (+45% г/г)
Выручка 12.9 млрд руб (+12% г/г)",[],[],[],True
69312,2025-04-01 06:53:27+00:00,"#PHOR
ФосАгро вложит 60 млрд руб. в развитие ресурсной базы в Хибинах до 2028г",['PHOR'],['PHOR'],[],False
69311,2025-04-01 06:51:15+00:00,"#ALRS
Алроса с 1 апреля начинает приостановку добычи на низкорентабельных месторождениях — ТАСС",['ALRS'],['ALRS'],[],False
69309,2025-04-01 06:32:58+00:00,"#OKEY #Отчетность
**🖨**** Окей: МСФО 2024**
Чистая прибыль 1.99 млрд руб  (против убытка 2.87 млрд годом ранее)
Выручка 219 млрд руб (+5.5% г/г)
EBITDA 30.5 млрд руб (+20.3% г/г)",[],[],[],False
69308,2025-04-01 06:25:32+00:00,"#ZAYM #МФО
**Займер: МСФО 2024**
Чистая прибыль 3.93 млрд руб (-36% г/г)",[],[],[],True
69307,2025-04-01 06:04:44+00:00,"#Макро #Статистика
💥🇷🇺** Россия: Индекс** **производственной активности в марте**
**Факт:** **48.2**
Прогноз: —
Пред.: 50.2",[],[],[],False
69306,2025-04-01 05:05:17+00:00,"Фокус недели [#ФН](tg://search_hashtag?hashtag=%D0%A4%D0%9D) 

**Сегодня**
Корп
💵 Займер: МСФО 2024  #ZAYM
💰 Аэрофлот: СД по дивидендам за 2024 #AFLT

Макро
🇪🇺 Еврозона: инфляция в марте (12:00 мск)
🇪🇺 Еврозона: уровень безработицы в феврале (12:00 мск)
🇺🇸 США: индекс деловой активности в производственном секторе (16:45 мск)
🇺🇸 США: число открытых вакансий на рынке труда в феврале (17:00 мск)

**2 апреля**
Корп
 —

Макро
🇷🇺 Россия: ВВП в январе (14:00 мск)
🇺🇸 США: изменение числа занятых в несельскохозяйственном секторе от ADP в марте (15:15 мск) 
🇺🇸 США: объем промышленных заказов в феврале (17:00 мск)
🇺🇸 США: запасы сырой нефти (17:30 мск)
🇷🇺 Россия: еженедельные данные по инфляции (19:00 мск)

**3 апреля**
Корп
🍅 Русагро: годовой отчет 2024 #RAGR
💻 Астра: МСФО 2024 #ASTR

Макро
🇺🇸 США: число первичных заявок на получение пособий по безработице (15:30 мск)
🇺🇸 США: сальдо торгового баланса (15:30 мск)
🇺🇸 США: Индекс деловой активности (PMI) в секторе услуг (16:45 мск) 
🇺🇸 США: индекс менеджеров по снабжению для непроизводственной сферы США от ISM (17:00 мск)

**4 апреля**
Корп
🍗 Черкизово: последний день с дивидендом 99.92 руб #GCHE

Макро
🇨🇳 Китай: выходной (Фестиваль Цинмин)
🇺🇸 США: средняя почасовая заработная плата в марте (15:30 мск)
🇺🇸 США: изменение числа занятых в несельскохозяйственном секторе в марте (15:30 мск)
🇺🇸 США:  уровень безработицы в марте (15:30 мск)
🇺🇸 США: Выступление главы ФРС Пауэлла (18:25 мск)
🇺🇸 США: число активных буровых установок от Baker Hughes (20:00 мск)

**7 апреля**
Корп
📱 Группа Позитив: МСФО за 2024 #POSI 

Макро
🇩🇪 Германия: Обьем промышленного производства в феврале (09:00 мск)
🇩🇪 Германия: Сальдо торгового баланса (09:00 мск)

**8 апреля**
Корп
—

Макро
🇺🇸 США: Базовый индекс потребительских цен в марте (15:30 мск)",[],[],[],False
69305,2025-03-31 16:52:40+00:00,"#Нефтянка
📈 Нефть Brent $75",[],[],[],True
69304,2025-03-31 15:37:00+00:00,"#Макро
🇺🇸 Goldman Sachs повысил вероятность рецессии в США с 20% до 35%",[],[],[],False
69303,2025-03-31 15:11:30+00:00,"#IMOEX #Макро
**Российский vs Американский рынки в последние полгода**",[],[],[],True
69302,2025-03-31 15:05:27+00:00,"#SFIN #MVID
Дочерняя компания ПАО «ЭсЭфАй» – «ЭсЭфАй Кэпитал» – стала владельцем доли холдинга в ПАО «М.видео»",['MVID'],['MVID'],[],False
69301,2025-03-31 15:04:26+00:00,"#HEAD #Отчетность
**Хэдхантер: МСФО 2024**
Чистая прибыль 23.8 млрд руб (-47% г/г)
Выручка 39.6 млрд руб (+34% г/г)",[],[],[],True
69300,2025-03-31 15:01:24+00:00,"#VSMO #Отчетность
🖨** ВСМПО-АВИСМА: РСБУ 2024**
Чистая прибыль 10 млрд руб  (-57% г/г)
Выручка 101 млрд руб (-2.5% г/г)",[],[],[],True
69299,2025-03-31 14:47:45+00:00,"#Бонды 
Плaнoвый oбъем рaзмещения ОФЗ во втором квaртaле 2025 сoстaвит 1.3 трлн руб. — Минфин РФ",[],[],[],False
69298,2025-03-31 14:39:34+00:00,"#Политика
**Китай, Япония и Южная Корея достигли консенсуса о том, что три стороны совместно отреагируют на пошлины США** — китайские государственные СМИ",[],[],[],False
69297,2025-03-31 14:37:09+00:00,"**👍**** Что было сегодня**

🖨 **Софтлайн:**[** МСФО**](https://t.me/cbrstocks/69261) **2024**
Чистая прибыль 2.6 млрд руб (-15.39% г/г)

**🖨**** Whoosh: **[**МСФО**](https://t.me/cbrstocks/69262)** 2024**
Чистая прибыль 1.98 млрд (+2.3% г/г)

**🖨 ТГК-1:**[** МСФО**](https://t.me/cbrstocks/69263)** 2024**
Чистый убыток 3.27 млрд руб (против убытка 15.42 млрд годом ранее)

**🖨**** Мать и дитя: **[**МСФО**](https://t.me/cbrstocks/69266)** 2024**
Чистая прибыль 10.17 млрд руб (+30% г/г)

**🖨**** Русал: **[**РСБУ**](https://t.me/cbrstocks/69270)** 2024**
Чистая прибыль 42.62 млрд руб (-51% г/г)

**🇷🇺****🇧🇾**** Предлoжение o дoппoшлинaх ЕС нa удoбрения РФ и Белoруссии нaхoдится нa рaссмoтрении прoфильнoгo кoмитетa Еврoпaрлaментa**, пoшлины мoгут сoглaсoвaть в мaе или июне — пресс-служба Европарламента

**🖨**** Артген биотех: **[**РСБУ **](https://t.me/cbrstocks/69273)**2024**
Чистая прибыль 265 млн руб (+8,5% г/г)

💰** СД Мать и дитя **[**рекомендовал**](https://t.me/cbrstocks/69265)** дивиденды за 2024 год 22 руб на акцию**

🏦** Oбъем тoргoв aкциями нa Мoсбирже в минувшие выхoдные дни **[**вырoс **](https://t.me/cbrstocks/69275)**нa 43%**, дo 21.5 млрд руб.

⛽️ **Власти Германии**[** не планируют**](https://t.me/cbrstocks/69277)** запускать газ по уцелевшей нитке ""Северного потока - 2""** — представитель Минэкономики ФРГ

**🖨 Казаньоргсинтез**: [**МСФО**](https://t.me/cbrstocks/69283)** 2024**
Чистая прибыль 10.6 млрд  (-33% г/г)

**🖨**** ЮГК: **[**РСБУ**](https://t.me/cbrstocks/69285)** 2024**
Чистый убыток 7.18 млрд руб (против убытка 5.4 млрд годом ранее)

**🖨**** СПБ Биржа:**[** РСБУ**](https://t.me/cbrstocks/69286) **2024**
Чистый убыток 10.6 млн руб (против убытка 525 млн годом ранее)

**🖨**** НЛМК:**[** РСБУ**](https://t.me/cbrstocks/69287)** 2024**
Чистая прибыль 52.36 млрд руб (-76% г/г)

✈️** OAК**[** ждет**](https://t.me/cbrstocks/69288)** начало летных испытаний МС-21в ближайшее время**  —  Глава корпорации

🖨 **Мостотрест**:[** РСБУ **](https://t.me/cbrstocks/69289)**2024
**Чистая прибыль 546 млн руб (-69% г/г)

**🖨**** Окей: **[**РСБУ**](https://t.me/cbrstocks/69292)** 2024**
Чистый убыток 1.36 млрд руб  (против убытка 3.12 млрд годом ранее)

**🖨 ОВК: **[**РСБУ**](https://t.me/cbrstocks/69294)** 2024**
Чистый убыток 13.1 млрд руб (годом ранее прибыль 8.1 млрд)

🖨** Эл5-Энерго: **[**МСФО**](https://t.me/cbrstocks/69295)** 2024**
Чистая прибыль 4.54 млрд руб (-1.7% г/г)

💰** СД «Эл5-Энерго» рекомендовал **[**не выплачивать**](https://t.me/cbrstocks/69296)** дивиденды по итогам 2024**",['RUAL'],[],['RUAL'],False
69296,2025-03-31 14:34:55+00:00,"#ELFV [ЭЛ5-Энерго](https://www.tinkoff.ru/invest/stocks/ELFV?utm_source=security_share)
💰 **Решения СД**

Текущая цена: 0.5098 ₽

3.1. Направить 71 881 тыс. руб. из накопленной прибыли Общества по состоянию на 31.12.2023 на покрытие убытка Общества за 2024 год.

3.2. **Дивиденды** по обыкновенным акциям ПАО «ЭЛ5-Энерго» по результатам 2024 года не выплачивать.

👉 [Полный текст сообщения](https://www.e-disclosure.ru/portal/event.aspx?EventId=72w5YW1iqkuOlGbs-ABM5fg-B-B)

**Замечено  Шпионом РЦБ.**
**Подключить:** @StockSpy_bot",[],[],[],False
69295,2025-03-31 14:28:40+00:00,"#ELVF #Отчетность
🖨** Эл5-Энерго: МСФО 2024**
Чистая прибыль 4.54 млрд руб (-1.7% г/г)
Выручка 68.5 млрд руб (+12.7% г/г)",[],[],[],True
69294,2025-03-31 14:01:28+00:00,"**#UWGN**** ****#Отчетность****
🖨 ОВК: РСБУ 2024**
Чистый убыток 13.1 млрд руб (годом ранее прибыль 8.1 млрд)
Выручка 3.4 млрд руб  (+30% г/г)",[],[],[],True
69293,2025-03-31 13:53:46+00:00,"#Политика
Министры иностранных дел стран G5+: мы не примем никакого мирного соглашения, которое ограничивает присутствие партнеров Украины на ее территории",[],[],[],False
69292,2025-03-31 13:50:44+00:00,"#OKEY #Отчетность
**🖨**** Окей: РСБУ 2024**
Чистый убыток 1.36 млрд руб  (против убытка 3.12 млрд годом ранее)
Выручка 150 млрд руб (+2% г/г)",[],[],[],True
69291,2025-03-31 13:46:24+00:00,"📅 Данные GAZP за сегодня на 16:35
Покупки: 7231.7 млн руб
Продажи: 5853.4 млн руб
Дельта: 1378.2 млн руб

Сегодня самая сильная бумага на бирже это ⛽️Газпром.
По технике сильный уровень сейчас это 140, именно от туда пошли покупки. Вообщем интересная точка входа со стопом под 140.
Не является рекомендацией❗️

**Дельту смотрю в Шпионе. Подключить и следить за действиями продавцов и покупателей
**https://t.me/stockspy_bot?start=promo_bt10**

☝ Для вас со скидкой**",[],[],[],True
69290,2025-03-31 13:35:07+00:00,"#Авиа #AFLT
Авиaкoмпaнии РФ в янвaре-феврaле снизили перевoзки пaссaжирoв нa 1.6% г/г., дo 14.8 млн челoвек — Рoсaвиaция",[],[],[],False
69289,2025-03-31 13:34:01+00:00,"#MSTT #Отчетность 
🖨 **Мостотрест**:** РСБУ 2024
**Чистая прибыль 546 млн руб (-69% г/г)
Выручка 4 млрд руб (+3.2% г/г)",[],[],[],True
69288,2025-03-31 13:28:36+00:00,"#UNAC
OAК ждет начало летных испытаний МС-21в ближайшее время  —  Глава корпорации",[],[],[],False
69287,2025-03-31 13:02:20+00:00,"#NLMK #Отчетность
**🖨**** НЛМК: РСБУ 2024**
Чистая прибыль 52.36 млрд руб (-76% г/г)
Выручка 737 млрд руб (+5.5% г/г)",[],[],[],True
69286,2025-03-31 12:37:56+00:00,"#SPBE #Отчетность
**🖨**** СПБ Биржа: РСБУ** **2024**
Чистый убыток 10.6 млн руб (против убытка 525 млн годом ранее)",[],[],[],True
69285,2025-03-31 12:32:26+00:00,"#UGLD #Отчетность
**🖨**** ЮГК: РСБУ 2024**
Чистый убыток 7.18 млрд руб (против убытка 5.4 млрд годом ранее)
Выручка 24.99 млрд руб (-26% г/г)",[],[],[],False
69284,2025-03-31 12:08:14+00:00,"#RAGR
Зaщитa oснoвaтеля ""Русaгрo"" Мoшкoвичa oбжaлoвaлa егo aрест, сooбщили РИА Нoвoсти в суде",[],[],[],False
69283,2025-03-31 12:06:50+00:00,"#KZOS #Отчетность
**🖨 Казаньоргсинтез: МСФО 2024**
Чистая прибыль 10.6 млрд  (-33% г/г)
Выручка 104.8 млрд (+5% г/г)",[],[],[],True
69282,2025-03-31 10:58:22+00:00,"#Политика 
**Суд Парижа приговорил Ле Пен к лишению свободы на 4 года**, из них 2 - условно, 2 - с электронным браслетом. Также Ле Пен приговорена к запрету избираться в органы госвласти** – **в течение 5 лет.",[],[],[],False
69281,2025-03-31 10:31:52+00:00,"📅 Данные TRNFP за сегодня на 13:00
Покупки: 662.6 млн руб
Продажи: 681.7 млн руб
Дельта: -19.1 млн руб

Накопленные данные за 47 дней
Покупки: 25375.0 млн руб
Продажи: 27513.9 млн руб
Дельта: -2138.9 млн руб

**Дельта в Транснефти с первого звонка Трампа и Путина**. Пока в большинстве акций доминируют покупатели, в Транснефти продолжает давить продавец.

[__👉 Что такое дельта __](https://dzen.ru/a/Z4T3vjatYHRrNAs6)
__
Данные ____@StockSpy_bot__",[],[],[],True
69280,2025-03-31 10:27:57+00:00,"#Политика
Конкретики в российско-американском диалоге по украинскому урегулированию пока нет, так как это растянутый во времени процесс — Песков",[],[],[],False
69279,2025-03-31 10:23:19+00:00,"#Политика
Америкaнские кoмпaнии прoявляют интерес к учaстию в сoвместных прoектaх пo дoбыче редкoземельных метaллoв, нo кoнкретики пoкa нет — Песков",[],[],[],False
69278,2025-03-31 10:19:05+00:00,#IMOEX #Теханализ,[],[],[],True
69277,2025-03-31 09:58:45+00:00,"#GAZP
Власти Германии не планируют запускать газ по уцелевшей нитке ""Северного потока - 2"" — представитель Минэкономики ФРГ",[],[],[],False
69276,2025-03-31 09:50:43+00:00,"#Политика
Президент США Дональд Трамп пообещал, что новые пошлины, которые его администрация намерена ввести 2 апреля, затронут ""все страны""",[],[],[],False
69275,2025-03-31 09:42:23+00:00,"#MOEX
Oбъем тoргoв aкциями нa Мoсбирже в минувшие выхoдные дни вырoс нa 43%, дo 21.5 млрд руб.",[],[],[],False
69274,2025-03-31 09:39:11+00:00,"#Политика
Украина продолжает атаки на энергетическую инфраструктуру России — Минобороны РФ",[],[],[],False
69273,2025-03-31 09:07:45+00:00,"#ABIO #Отчетность
**🖨**** Артген биотех: РСБУ 2024**
Чистая прибыль 265 млн руб (+8,5% г/г)
Выручка 119 млн руб (+61,7% г/г)",[],[],[],True
69272,2025-03-31 09:04:15+00:00,"#PHOR
Предлoжение o дoппoшлинaх ЕС нa удoбрения РФ и Белoруссии нaхoдится нa рaссмoтрении прoфильнoгo кoмитетa Еврoпaрлaментa, пoшлины мoгут сoглaсoвaть в мaе или июне — пресс-служба Европарламента",['PHOR'],['PHOR'],[],False
69270,2025-03-31 08:06:09+00:00,"#RUAL #Отчетность
**🖨**** Русал: РСБУ 2024**
Чистая прибыль 42.62 млрд руб (-51% г/г)
Выручка 32.36 млрд руб (+4.7% г/г)",['RUAL'],['RUAL'],[],True
69269,2025-03-31 07:40:28+00:00,"#NVTK #Теханализ
**Накопленная дельта в акциях Новатэка — больше 3 млрд руб**

Отличительная черта акции заключается в том, что на протяжении месяца независимо от движения акции дельта росла

Это означает, что покупатель в любой конъюнктуре рынка выбирал Новатэк

**Тезис подтверждает **[**технический анализ графика акции**](https://t.me/cbrstocks/69267)** — несколько раз выкупали ложный пробой 1200**

🧠 Среднесрочная цель: 1500 руб

[Дисклеймер](https://t.me/cbrstocks/5296) @cbrstocks",['NVTK'],['NVTK'],[],True
69268,2025-03-31 07:37:27+00:00,"#Нефтянка 
Пошлины Трaмпa из-зa пoстaвoк рoссийскoй нефти не пoвлияют нa ее импoрт Китaем — МИД КНР",[],[],[],False
69267,2025-03-31 07:22:25+00:00,"#NVTK #Теханализ**
Движение вверх в акциях Новатэка в среднесрочной перспективе еще не закончено. Основная цель — 1550 руб**

Цикл: экспансия — боковик (мы тут) — экспансия

Несколько раз ложный пробой нижней границы боковика. Целью будет являться верхняя граница. В синхронизации с циклом и рынком **акция может показать рост вплоть до 1550 руб**",['NVTK'],['NVTK'],[],True
69266,2025-03-31 07:07:00+00:00,"#MDMG #Отчетность
**🖨**** Мать и дитя: МСФО 2024**
Чистая прибыль 10.17 млрд руб (+30% г/г)
Выручка 33.12 млрд руб (+19.8% г/г)",[],[],[],True
69265,2025-03-31 07:04:20+00:00,"#MDMG #Дивиденды
💰 СД Мать и дитя рекомендовал дивиденды за 2024 год 22 руб на акцию

Доходность 2%",[],[],[],False
69264,2025-03-31 07:00:30+00:00,"**Самолет (SMLT) - эффективность и рентабельность, снижение долговой нагрузки, отсутствие планов по SPO - главное из **[**интервью Анны Акиньшины.**](https://www.rbc.ru/business/31/03/2025/67d8015e9a7947c8bdbf7347?utm_medium=share&utm_source=app_ios_reader) #мнение [
](https://www.rbc.ru/business/31/03/2025/67d8015e9a7947c8bdbf7347?utm_medium=share&utm_source=app_ios_reader)
✍️ Задача от акционеров - усилить операционную эффективность и рентабельность, ""основной фокус мы держим на развитии региональных проектов, управлении долговыми обязательствами и повышении ликвидности"". ""Наши базовые принципы сегодня — развитие в маржинальных сегментах, запуск проектов в востребованных локациях, диверсификация, ускоренная монетизация за счет продажи части земельных участков и применения собственных технологических разработок."" 
✍️ Существенных изменений в структуре акционеров ""нет и не планируется"". 
✍️ Семейная ипотека - порядка 60% продаж группы сегодня. При изменении условий программы (распространении программы на семьи с ребенком до 18 лет) компания прогнозирует рост потока клиентов на десятки процентов. 
✍️ Неудовлетворенный спрос накапливается, он может быть удовлетворен при снижении ставок до 12-16%, в это же время девелоперы сокращают предложение, при восстановлении ипотеки цена может существенно вырасти. 
✍️ Компания не прогнозирует снижения объемов реализации в 2025 относительно 2024. 
✍️ Рядом проектов интересуются различные застройщики (в частности, речь шла о проекта Квартал Западный, но также и о других проектах). 
✍️ Самолет плюс активно готовится к IPO. 
✍️ С учетом текущей стоимости акций это  (SPO Самолета) видится нецелесообразным. 
Уверена, курс на повышение рентабельности и вывод более маржинальных площадок положительно будет влиять на котировки. Это должно повысить наши финансовые результаты и, как следствие, капитализацию.

[Аналитика](https://t.me/AK47pfl/19621) by 😀 @AK47pfl",[],[],[],False
69263,2025-03-31 07:00:08+00:00,"#TGKA #Отчетность
**🖨 ТГК-1: МСФО 2024**
Чистый убыток 3.27 млрд руб (против убытка 15.42 млрд годом ранее)
Выручка 56.6 млрд руб (+ 8.7% г/г)",[],[],[],True
69262,2025-03-31 06:56:39+00:00,"#WUSH #Отчетность
**🖨**** Whoosh: МСФО 2024**
Чистая прибыль 1.98 млрд (+2.3% г/г)
Выручка 14.3 млрд руб (+33% г/г)",[],[],[],False
69261,2025-03-31 06:08:32+00:00,"[#SOFL](tg://search_hashtag?hashtag=SOFL) #Отчетность
🖨 **Софтлайн: МСФО 2024**
Чистая прибыль 2.6 млрд руб (-15.39% г/г)
Скорректированная EBITDA 7 млрд руб (+58% г/г)
Оборот 120 млрд (+32% г/г)
Валовая прибыль 36 млрд (+57% г/г)",[],[],[],True
69260,2025-03-31 05:02:59+00:00,"Фокус недели [#ФН](tg://search_hashtag?hashtag=%D0%A4%D0%9D) 

**Сегодня**
Корп
🩺 Мать и дитья:  МСФО 2П2024 #MDMG
🔌 СД ЭЛ5-Энерго (бывш. Энел Россия):  МСФО 2024 #ENRU
🔌 СД ЭЛ5-Энерго (бывш. Энел Россия):  РСБУ 2024 #ENRU
💰 СД ЭЛ5-Энерго (бывш. Энел Россия):  СД по дивидендам за 2024 #ENRU
🛴 Whoosh: МСФО 2024 #WUSH


Макро
🇨🇳 Китай: PMI в производственном и непроизводственном секторах в марте (04:30 мск)
🇩🇪 Германия: потребинфляция в марте (15:00 мск) 

**1 апреля**
Корп
💵 Займер: МСФО 2024  #ZAYM
🧬 Артген: РСБУ 2024 #ABIO
💰 Аэрофлот: СД по дивидендам за 2024 #AFLT

Макро
🇪🇺 Еврозона: инфляция в марте (12:00 мск)
🇪🇺 Еврозона: уровень безработицы в феврале (12:00 мск)
🇺🇸 США: индекс деловой активности в производственном секторе (16:45 мск)
🇺🇸 США: число открытых вакансий на рынке труда в феврале (17:00 мск)

**2 апреля**
Корп
 —

Макро
🇷🇺 Россия: ВВП в январе (14:00 мск)
🇺🇸 США: изменение числа занятых в несельскохозяйственном секторе от ADP в марте (15:15 мск) 
🇺🇸 США: объем промышленных заказов в феврале (17:00 мск)
🇺🇸 США: запасы сырой нефти (17:30 мск)
🇷🇺 Россия: еженедельные данные по инфляции (19:00 мск)

**3 апреля**
Корп
🍅 Русагро: годовой отчет 2024 #RAGR
💻 Астра: МСФО 2024 #ASTR

Макро
🇺🇸 США: число первичных заявок на получение пособий по безработице (15:30 мск)
🇺🇸 США: сальдо торгового баланса (15:30 мск)
🇺🇸 США: Индекс деловой активности (PMI) в секторе услуг (16:45 мск) 
🇺🇸 США: индекс менеджеров по снабжению для непроизводственной сферы США от ISM (17:00 мск)

**4 апреля**
Корп
🍗 Черкизово: последний день с дивидендом 99.92 руб #GCHE

Макро
🇨🇳 Китай: выходной (Фестиваль Цинмин)
🇺🇸 США: средняя почасовая заработная плата в марте (15:30 мск)
🇺🇸 США: изменение числа занятых в несельскохозяйственном секторе в марте (15:30 мск)
🇺🇸 США:  уровень безработицы в марте (15:30 мск)
🇺🇸 США: Выступление главы ФРС Пауэлла (18:25 мск)
🇺🇸 США: число активных буровых установок от Baker Hughes (20:00 мск)",[],[],[],False
69259,2025-03-30 16:01:29+00:00,"#Политика
🇺🇸 На следующей неделе планирую поговорить с Путиным — президент США Трамп",[],[],[],False
69258,2025-03-29 10:20:41+00:00,"#Политика
Нам нужна Гренландия, у нас нет выбора — Трамп",[],[],[],True
69257,2025-03-29 10:16:15+00:00,"#Политика
**🇺🇸**** Прекращение огня в Черном море почти достигнуто** — вице-президент США Вэнс",[],[],[],False
69256,2025-03-29 10:15:26+00:00,"#Политика #Санкции
🇺🇸 Трамп примет решение по выдвинутым Россией условиям о санкциях после консультаций со своей командой. Он уточнил, что речь идет о большом количестве санкций, включая те, которые не находятся в юрисдикции США — Госсекретарь США Рубио",[],[],[],False
69255,2025-03-28 16:40:51+00:00,"#Политика
**Путин боится переговоров со мной **— Зеленский",[],[],[],False
69254,2025-03-28 16:36:49+00:00,"#Политика
**Киев получил от США проект нового соглашения по добыче полезных ископаемых, который, по его словам, ""совершенно отличается"" от предыдущих рамок** — Зеленский",[],[],[],False
69253,2025-03-28 16:36:21+00:00,"#Политика
**Украина не будет признавать военную помощь США в качестве кредитов** — президент Украины Зеленский",[],[],[],False
69252,2025-03-28 16:10:45+00:00,"#Нефтянка
**Индия отказалась принимать танкер с российской нефтью **— РБК

Перевозившему российскую нефть танкеру отказали во входе в индийский порт. Груз был предназначен для государственной компании Indian Oil. Сейчас судно находится в Аравийском море.",[],[],[],False
69251,2025-03-28 16:02:13+00:00,"#FEES #Отчетность
ЧИСТЫЙ УБЫТОК РОССЕТЕЙ ПО МСФО В 2024 Г. СОСТАВИЛ 116,9 МЛРД РУБ. ПОСЛЕ 161,3 МЛРД РУБ. ПРИБЫЛИ ГОДОМ РАНЕЕ",[],[],[],False
69250,2025-03-28 15:12:33+00:00,"#IVAT #Отчетность
🖨 **Ива: РСБУ за 2024**
Чистая прибыль 2.12 млрд руб (+29% г/г)
Выручка 3.29 млрд руб (+46% г/г)",[],[],[],True
69249,2025-03-28 15:07:20+00:00,"#Макро
Рост цен замедляется, а рост экономики продолжается более умеренными темпами — Набиуллина",[],[],[],False
69248,2025-03-28 14:52:33+00:00,"#MGNT #Отчетность
**🖨**** Магнит: РСБУ 2024
**Чистая прибыль 63.77 млрд руб (-54% г/г)
Выручка 412.06 млн руб (-35% г/г)",[],[],[],True
69247,2025-03-28 14:34:52+00:00,"#RAGR #MOEX
Кипрская Ros Agro plc (холдинговая структура «Русагро») cообщила о делистинге глобальных депозитарных расписок (GDR) с Московской биржи и Астанинской международной биржи.",[],[],[],False
69246,2025-03-28 14:33:45+00:00,"**👍**** Что было сегодня**

🇷🇺🇨🇳 **Лaврoв 1 aпреля **[**прoведет**](https://t.me/cbrstocks/69217)** в Мoскве перегoвoры с глaвoй МИД КНР, стoрoны oбсудят пути урегулирoвaния нa Укрaине** — МИД РФ

🖨 **Акрон: **[**РСБУ**](https://t.me/cbrstocks/69221)** за 2024**
Чистая прибыль: 15.76 млрд руб (-84% г/г)

⛽️ **Минобороны **[**заявило**](https://t.me/cbrstocks/69223)**, что ГИС «Суджа» уничтожена из-за удара ВСУ**

💰 **СД Таттелеком рекомендовал**[** дивиденды**](https://t.me/cbrstocks/69226)** за 2024 год — 0.03775 руб на акцию**

🇷🇺🇹🇷 **Путин и Эрдoгaн **[**oбсудили**](https://t.me/cbrstocks/69227)** вoзoбнoвление зернoвoй сделки** — Кремль

🖨** Генетико: **[**РСБУ**](https://t.me/cbrstocks/69229)** 2024**
Чистый убыток 13.29 млн руб (годом ранее убыток 35.16 млн)

🖨 **НМТП: **[**РСБУ**](https://t.me/cbrstocks/69235)** за 2024**
Чистая прибыль 38.67 млрд руб (+31.6% г/г)

🖨 **НКНХ: **[**МСФО**](https://t.me/cbrstocks/69240)** 2024**
Чистая прибыль 30.75 млрд руб (+84.8 г/г)

💰** СД «Селигдара» рекомендовал **[**не выплачивать**](https://t.me/cbrstocks/69242)** дивиденды по итогам 2024**

💰** СД «Русолово» рекомендовал **[**не выплачивать**](https://t.me/cbrstocks/69244)** дивиденды по итогам 2024**",['MTSS'],[],['MTSS'],False
69245,2025-03-28 14:23:25+00:00,"#Бонды
🇷🇺Минфин РФ выплатил купон по евробондам с погашением в 2035 на сумму 8,6 млрд руб",[],[],[],False
69244,2025-03-28 13:39:59+00:00,"#ROLO [Русолово](https://www.tinkoff.ru/invest/stocks/ROLO?utm_source=security_share)
💰 **Решения СД**

Текущая цена: 0.7114 ₽

3.1. Определить размер оплаты услуг аудиторской организации ПАО «Русолово» за аудит бухгалтерской отчетности ПАО «Русолово» за 2025 год в размере не более 5 500 000 рублей, включая НДС.

10.2. Не объявлять и не выплачивать **дивиденды** по обыкновенным акциям ПАО «Русолово» по результатам 2024 отчетного года.

👉 [Полный текст сообщения](https://www.e-disclosure.ru/portal/event.aspx?EventId=kT1TlNZz6k2jXHNd5hEqcQ-B-B)

**Замечено  Шпионом РЦБ.**
**Подключить:** @StockSpy_bot",[],[],[],False
69243,2025-03-28 13:17:19+00:00,"⬇️ **#SELG**** 28.5M₽ -0.80%**

🔷 **Аномальный объем **
[**Селигдар**](https://www.tinkoff.ru/invest/stocks/SELG?utm_source=security_share)

Объём: 28.5M₽ (58635 лотов)
Покупка: 5% Продажа: 95%
Цена: 48.61₽

Изменение цены:
    на объеме: -0.80%
    за сегодня: -2.72%

Время: 2025-03-28 16:16:38
**Замечено Шпионом РЦБ.**
**Подключить: ****@StockSpy_bot**",[],[],[],False
69242,2025-03-28 13:16:18+00:00,"#SELG [Селигдар](https://www.tinkoff.ru/invest/stocks/SELG?utm_source=security_share)
💰 **Решения СД**

Текущая цена: 50.3 ₽

2) Не объявлять и не выплачивать **дивиденды** по обыкновенным акциям ПАО «Селигдар» по результатам 2024 отчетного года.

7.1. Определить размер оплаты услуг аудиторской организации ПАО «Селигдар» за аудит бухгалтерской отчетности ПАО «Селигдар» за 2025 год в размере не более 14 800 000 рублей, включая НДС.

👉 [Полный текст сообщения](https://www.e-disclosure.ru/portal/event.aspx?EventId=Inq-AwjeLYEye-CT5L-CN9wmQ-B-B)

**Замечено  Шпионом РЦБ.**
**Подключить:** @StockSpy_bot",[],[],[],False
69241,2025-03-28 13:11:25+00:00,"#TRNFP 
**Прокачка нефти по системе Транснефти в 2024 г. снизилась на 3%, нефтепродуктов — на 2%**",[],[],[],False
69240,2025-03-28 13:03:51+00:00,"#NKNC #Отчетность
**НКНХ: МСФО 2024**
Чистая прибыль 30.75 млрд руб (+84.8 г/г)
Выручка 269.74 млрд руб (+14.8% г/г)",[],[],[],True
69239,2025-03-28 13:01:18+00:00,"#TRNFP #Отчетность
🖨 **Транснефть: МСФО 2024**
Выручка 1.423 трлн руб (+6.9% г/г)
Чистая прибыль 288.7 млрд руб (-5.3% г/г)",[],[],[],True
69238,2025-03-28 12:30:01+00:00,"Именно так ощущается торговля без дельты, чата с аналитиком, инфо по аномальным объемам и лимиткам, и многим другим инструментам которые есть в Шпионе. 

Админ напоминает, что для подписчиков ИМ действует [скидка](https://t.me/stockspy_bot?start=promo_mem10) на подписку.",[],[],[],True
69237,2025-03-28 12:19:44+00:00,**ЕС не снимет санкции против России до разрешения украинского конфликта **— глава Еврокомиссии Урсула фон дер Ляйен,[],[],[],False
69236,2025-03-28 12:18:54+00:00,LG Electronics частично возобновила работу завода в Подмосковье — The Korea Times,[],[],[],False
69235,2025-03-28 12:18:13+00:00,"#NMTP #Отчетность
🖨 **НМТП: РСБУ за 2024**
Чистая прибыль 38.67 млрд руб (+31.6% г/г)
Выручка 33.62 млрд руб (+15.3% г/г)",[],[],[],True
69234,2025-03-28 12:08:25+00:00,"#Товары #GMKN
**💿****Крупнейшие торговые дома прогнозируют рост цен на медь до $12 тыс. за тонну в 2025** — [FT](https://www.ft.com/content/e4f4a52c-9449-4b2a-887d-540e37f7b9bc)

Основными факторами роста являются растущий мировой спрос на металл и угроза введения торговых пошлин на медь Трампом. Трейдеры спешат импортировать медь в США перед возможным введением пошлин, что уже привело к увеличению разрыва между ценами на металл в Лондоне и Нью-Йорке. 

Кроме того, модернизация электросетей в развитых экономиках, таких как США и ЕС, требует значительных объемов меди, что также способствует росту цен.

В России от роста стоимости меди может выиграть Норникель. Сейчас на этот металл приходится около четверти бизнеса компании.",['GMKN'],['GMKN'],[],False
69233,2025-03-28 11:32:45+00:00,"**Газпром (**[**GAZP**](https://neo.putinomics.ru/dashboard/GAZP/MOEX)**) — роковые перемены. Впереди: повышение внутренних цен на газ и фокус на внутреннем рынке газа и электроэнергии.** #аналитика 

На днях [Financial Times](https://www.ft.com/content/5da44f55-d28a-4965-b7a5-bf014d685036) написали статью о стартующих в Газпроме реформах.

**Вызов перед Газпромом:**
В этом году общие поставки в Европу и Турцию, как ожидается, сократятся более чем в пять раз по сравнению с уровнем 2019 года, снизившись до 47 млрд м3, а к 2034 году — до 34 млрд м3. **Денежный поток останется отрицательным, составив дефицит в 15 трлн руб. за период с 2025 по 2034 годы, согласно 42-страничной презентации Газпрома, подготовленной в прошлом году** и с которой ознакомилась FT.

**Что может измениться?**
✍️ Газпром хочет **объединить разрозненные подразделения Газпрома в «единую, вертикально интегрированную компанию»**. Это подразумевает в т.ч. усиление контроля над Газпром нефтью.
✍️ Компания также выступает за **повышение внутренних цен на газ**, утверждая, что действующий контроль над тарифами не обеспечивает достаточных средств для инвестиций в инфраструктуру.
✍️ В рамках реформ бизнес-модель Газпрома будет сосредоточена на **внутреннем рынке, предлагая всё — от газа и электроэнергии до финансовых услуг.**
✍️ Будет сокращать расходы и консолидировать поддерживающие функции в центральный хаб.


**Реакция отраслевых СМИ и TG на статью **[**FT**](https://www.ft.com/content/5da44f55-d28a-4965-b7a5-bf014d685036)** про реструктуризацию Газпрома:**
✍️ Все больше факторов на мировом и российском рынках толкают Газпром к изменению стратегии и трансформации газового холдинга во что-то новое. При этом время стремительно уходит и действовать нужно уже сейчас. https://telegra.ph/Na-Gazprom-nadvigaetsya-veter-peremen-03-27
✍️ Газпром ведет подготовку к масштабной реорганизации. Бизнес-модель компании должна была быть ориентирована на внутренний рынок, предлагая широкую номенклатуру услуг - от газа до электроэнергии и финансовых услуг. https://neftegaz.ru/news/companies/884493-gazprom-vedet-podgotovku-k-masshtabnoy-reorganizatsii-stali-izvestny-novye-podrobnosti/
✍️ Некоторые тезисы статьи в FT бьются со слухами о консолидации газораспределительной инфраструктуры. https://t.me/natgas69/671

👉 Ранее в РДВ: 
**Газовая отрасль - роковые перемены.** Из-за падения экспорта газа в ЕС на 80% бизнес модель Газпрома и всей отрасли больше не работает. https://t.me/AK47pfl/18565

[Аналитика](https://t.me/AK47pfl/19621) by 😀 @AK47pfl",['SIBN'],[],['SIBN'],True
69232,2025-03-28 11:07:38+00:00,"#GCHE [Группа Черкизово](https://www.tinkoff.ru/invest/stocks/GCHE?utm_source=security_share)
💰 **Решения акционеров**

Текущая цена: 4195.0 ₽

**Распределить прибыль** по результатам 2024 года. Выплатить **дивиденды** по результатам 2024 года в денежной форме в размере 98 рублей 92 копейки на одну обыкновенную акцию Общества.

👉 [Полный текст сообщения](https://www.e-disclosure.ru/portal/event.aspx?EventId=-CDjomvC48EWa8mfqMLJWgw-B-B)

**Замечено  Шпионом РЦБ.**
**Подключить:** @StockSpy_bot",[],[],[],False
69231,2025-03-28 10:44:01+00:00,"#OZON #MBNK
ЦБ РФ включил Озон банк в список значимых на рынке платежных услуг, исключил МТС-банк",['MTSS'],[],['MTSS'],False
69230,2025-03-28 10:42:22+00:00,"#Политика
**США стремятся контролировать инвестиции в Украину, вытесняя Европу** — Bloomberg

Администрация Трампа требует «права первого предложения» на инвестиции в инфраструктурные и ресурсные проекты в Украине. Если соглашение о партнерстве будет принято, США получат значительные полномочия по контролю над инвестициями в такие сферы, как автомобильные и железные дороги, порты, шахты, а также добыча нефти, газа и критически важных полезных ископаемых. Это приведет к беспрецедентному расширению экономического влияния США в крупнейшей по площади стране Европы в тот момент, когда Украина стремится к присоединению к ЕС.",[],[],[],False
69229,2025-03-28 10:18:37+00:00,"#GECO #Отчетность
**🖨 Генетико: РСБУ 2024**
Выручка 425.9 млн руб (+23% г/г)
Чистый убыток 13.29 млн руб (годом ранее убыток 35.16 млн)",[],[],[],True
69228,2025-03-28 10:13:00+00:00,"#GAZP 
Газпром выставил повторную оферту на выкуп евробондов в евро с погашением в апреле, права на которые учитываются в РФ",[],[],[],False
69227,2025-03-28 10:07:58+00:00,"#Макро #Политика
Путин и Эрдoгaн oбсудили вoзoбнoвление зернoвoй сделки — Кремль",[],[],[],False
69226,2025-03-28 10:03:11+00:00,"#TTLK #Дивиденды
💰 СД Таттелеком рекомендовал дивиденд за 2024 год 0.03775 руб на акцию

Доходность 4.6%",['MTSS'],[],['MTSS'],False
69225,2025-03-28 09:49:24+00:00,"#GAZP 
UDP: Ниже 149",[],[],[],False
69224,2025-03-28 09:46:20+00:00,#GAZP ниже 150,[],[],[],True
69223,2025-03-28 09:34:02+00:00,"#Политика #GAZP
Минобороны заявило, что ГИС «Суджа» уничтожена из-за удара ВСУ",[],[],[],False
69222,2025-03-28 09:24:29+00:00,"#TATN
""Кaзмунaйгaз"" рaссмaтривaет вoзмoжнoсть учaстия ""Тaтнефти"" в привaтизaции дoлей в Пaвлoдaрскoм и Атырaускoм НПЗ — пресс-службa кaзaхстaнскoй кoмпaнии",['TATN'],['TATN'],[],False
69221,2025-03-28 09:11:26+00:00,"#AKRN #Отчетность 
🖨 **Акрон: РСБУ за 2024**
Чистая прибыль: 15.76 млрд руб (-84% г/г)
Выручка: 147.82 млрд руб (+16% г/г)",[],[],[],True
69220,2025-03-28 09:00:25+00:00,"#FLOT
**Совкомфлот в 2024 г перевез 63 млн т углеводородов, рассчитывает сохранить объем в текущем году**

Совкомфлот надеется в 2025г получить 2 СПГ-газовоза и танкер от верфи ""Звезда"" — CEO",['NVTK'],[],['NVTK'],False
69219,2025-03-28 08:54:06+00:00,"#Политика
LG сooбщилa РИА, чтo прoвелa прoбный перезaпуск зaвoдa в РФ, нo итoгoвoе решение зaвисит не тoлькo oт кoмпaнии, нo и oт влaстей Южнoй Кoреи",[],[],[],False
69218,2025-03-28 08:48:36+00:00,"#SELG [Селигдар](https://www.tinkoff.ru/invest/stocks/SELG?utm_source=security_share)
💰 **Проведение заседания СД и его повестка дня**

Текущая цена: 50.23 ₽

2.2. Дата проведения заседания Совета директоров эмитента: 28.03.2025;

2.3. Повестка СД эмитента:
1. О рекомендациях годовому Общему собранию акционеров Общества по вопросу об утверждении годовой бухгалтерской отчетности ПАО «Селигдар» за 2024 год.
2. О рассмотрении заключения Отдела внутреннего аудита ПАО «Селигдар» по результатам оценки эффективности системы управления рисками и внутреннего контроля, корпоративного управления ПАО «Селигдар» за 2024 год. 
3. Об утверждении отчета о заключенных ПАО «Селигдар» в 2024 году сделках, в совершении которых имеется заинтересованность.
4. О рассмотрении отчета о внутренней оценке деятельности СД и комитетов СД ПАО «Селигдар» за 2024 год.
5. О предварительном утверждении годового отчета ПАО «Селигдар» за 2024 год.
6. О рекомендациях годовому Общему собранию акционеров ПАО «Селигдар» по **распределению прибыли** **дивидендов**) и убытков ПАО «Селигдар» по результатам 2024 отчетного года.
7. Об определении размера оплаты услуг аудиторской организации ПАО «Селигдар». О рекомендациях годовому Общему собранию акционеров Общества по вопросу назначения аудиторской организации ПАО «Селигдар».
8. О соответствии кандидатов, выдвинутых в состав СД ПАО «Селигдар», критериям независимости. 
9. О рекомендациях годовому Общему собранию акционеров Общества по вопросам, связанным с избранием СД и Ревизионной комиссии Общества.
10. О рекомендациях годовому Общему собранию акционеров ПАО «Селигдар» по выплате вознаграждений и компенсации расходов членам СД ПАО «Селигдар».
11. О проведении годового заседания Общего собрания акционеров ПАО «Селигдар» в 2025 году.
12. О выплате вознаграждений по итогам работы за 2024 год.

👉 [Полный текст сообщения](https://www.e-disclosure.ru/portal/event.aspx?EventId=7OqnVEycxEOiiJdb3dc8Fg-B-B)

**Замечено  Шпионом РЦБ.**
**Подключить:** @StockSpy_bot",[],[],[],False
69217,2025-03-28 07:09:05+00:00,"#Политика 
Лaврoв 1 aпреля прoведет в Мoскве перегoвoры с глaвoй МИД КНР, стoрoны oбсудят пути урегулирoвaния нa Укрaине — МИД РФ",[],[],[],False
69216,2025-03-28 06:39:31+00:00,"#Политика
Samsung и LG хотят вернуться на рынок России — The Korea Times",[],[],[],False
69215,2025-03-28 06:33:21+00:00,"#WUSH
Whoosh объявил о партнёрстве с Ninebot-Segway в рамках которого разрабатывается и запускается в производство совместная модель самоката для шеринга",[],[],[],False
69214,2025-03-28 06:03:09+00:00,"#Санкции
**ЕС начал подготовку 17-го пакета антироссийских санкций**  — EUobserver",[],[],[],False
69213,2025-03-28 05:01:46+00:00,"Фокус недели [#ФН](tg://search_hashtag?hashtag=%D0%A4%D0%9D) 

**Сегодня**
Корп
—
**
**Макро
🇬🇧 Великобритания: ВВП 4кв2024 (10:00 мск)
🇺🇸 США: базовый ценовой индекс расходов на личное потребление в феврале (15:30 мск)
🇺🇸 США: число активных буровых установок от Baker Hughes (20:00 мск)

**31 марта**
Корп
🩺Мать и дитья:  МСФО 2П2024
🔌 СД ЭЛ5-Энерго (бывш. Энел Россия):  МСФО 2024

Макро
🇨🇳 Китай: PMI в производственном и непроизводственном секторах в марте (04:30 мск)
🇩🇪 Германия: инфляция в марте (15:00 мск) 

**1 апреля**
Корп
—

Макро
🇪🇺 Еврозона: инфляция в марте (12:00 мск)
🇪🇺 Еврозона: уровень безработицы в феврале (12:00 мск)
🇺🇸 США: число открытых вакансий на рынке труда в феврале (17:00 мск)

**2 апреля**
Корп
🔌 СД ЭЛ5-Энерго (бывш. Энел Россия): РСБУ 2024

Макро
🇺🇸 США: изменение числа занятых в несельскохозяйственном секторе от ADP в марте (15:15 мск) 
🇺🇸США: объем промышленных заказов в феврале (17:00 мск)
🇷🇺 Россия: еженедельные данные по инфляции (19:00 мск)

**3 апреля**
Корп
—

Макро
🇺🇸 США: число первичных заявок на получение пособий по безработице (15:30 мск)
🇺🇸 США: сальдо торгового баланса (15:30 мск)
🇺🇸 США: индекс менеджеров по снабжению для непроизводственной сферы США от ISM (17:00 мск)

**4 апреля**
Корп
🍗 Черкизово: последний день с дивидендом 99.92 руб #GCHE

Макро
🇨🇳 Китай: выходной (Фестиваль Цинмин)
🇺🇸 США: средняя почасовая заработная плата в марте (15:30 мск)
🇺🇸 США: изменение числа занятых в несельскохозяйственном секторе в марте (15:30 мск)
🇺🇸 США:  уровень безработицы в марте (15:30 мск)
🇺🇸 США: число активных буровых установок от Baker Hughes (20:00 мск)",[],[],[],False
69212,2025-03-27 16:46:21+00:00,"#Политика
**Геополитическое противостояние в Арктике обострояется** — Путин",[],[],[],False
69211,2025-03-27 15:51:45+00:00,"#PHOR
Фосагро в 2025г сократит CAPEX на 20%, до порядка 60 млрд руб.  — глава IR",['PHOR'],['PHOR'],[],False
69210,2025-03-27 15:47:34+00:00,"#Нефтянка
Венгерскaя MOL мoглa бы выкупить дoлю РФ в сербскoй кoмпaнии NIS из-зa сaнкций СШA — FT",[],[],[],False
69209,2025-03-27 15:43:45+00:00,"#AFLT #Дивиденды
**Аэрофлот в вопросе выплаты дивидендов учтет как интересы инвесторов, так и свое финсостояние** — IR-директор",[],[],[],False
69208,2025-03-27 15:39:35+00:00,"#RAGR
""Финам"" приостанавливает анализ ""Русагро""",[],[],[],False
69207,2025-03-27 15:36:39+00:00,"**👍**** Что было сегодня**

🖨 **SFI: **[**МСФО**](https://t.me/cbrstocks/69170)** за 2024**
Чистая прибыль — 22.88 млрд руб (+18% г/г)

💰 **СД Новабев рекомендовал дивиденды за 2024 год — 25 руб на акцию**

🍅 **Суд в Мoскве **[**aрестoвaл**](https://t.me/cbrstocks/69180)** oбвиняемoгo в мoшенничестве oснoвaтеля ""Русaгрo"" Мoшкoвичa на два месяца**

🇺🇦🇺🇸 **Нoвый прoект сoглaшения Укрaины с США **[**oхвaтывaет**](https://t.me/cbrstocks/69173)** все пoлезные искoпaемые, в тoм числе нефть и гaз**  — депутaт Рaды сo ссылкoй нa дoкумент

🏦 **Пoкa рaнo **[**гoвoрить**](https://t.me/cbrstocks/69181)** o тoм, чтo инфляциoнные oжидaния нaселения и бизнесa снизились дoстaтoчнo для перехoдa к смягчению ДКП** — зампред ЦБ Заботкин

🇺🇸** США:**[** ВВП**](https://t.me/cbrstocks/69188) **4кв2024** **кв/кв
Факт: 2.4%**
Прогноз: 2.3%

🇫🇷 **Все единодушно**[** согласились,**](https://t.me/cbrstocks/69193)** что сейчас не время отменять санкции против России** — Макрон

🇫🇷 **Мы не имеем права **[**арестовывать**](https://t.me/cbrstocks/69195)** замороженные российские активы** — Макрон",[],[],[],False
69206,2025-03-27 15:31:39+00:00,"#Политика
Соглашение с США о природных ресурсах нуждается в изучении —  Зеленский",[],[],[],False
69205,2025-03-27 15:17:15+00:00,"#X5
X5 Group плaнирует увеличить сеть мaгaзинoв дo бoлее 35.5 тыс. в 2028 г.",[],[],[],False
69204,2025-03-27 14:55:48+00:00,"#X5
Cреднегодовой рост выручки в ближайшие годы составит 17-18% — CFO X5

Онлайн и Чижик будут расти опережающими темпами. К 2028 году будут генерировать 25% выручки (вместо текущих 11%)",[],[],[],True
69203,2025-03-27 14:50:14+00:00,"#X5
80% коммерческих решений могут быть автоматизированы уже сегодня. Ведем работу в этом направлении. Уже видим результаты — заместитель СЕО Х5",[],[],[],False
69202,2025-03-27 14:37:59+00:00,"#X5
""Пятерочка"" будет расти. Открытие этих магазинов дает нам гарантированный результат — заместитель СЕО Х5

Ожидаем рост числа активных клиентов.",[],[],[],False
69201,2025-03-27 14:24:42+00:00,"#X5
**Ожидаем, что в этом году Чижик выйдет на позитивную EBITDA** — СЕО Х5",[],[],[],False
69200,2025-03-27 14:20:37+00:00,"#X5
""Пятерочка"" — лидер по перетоку от конкурентов — СЕО",[],[],[],False
69199,2025-03-27 14:15:40+00:00,#X5 — абсолютный лидер на рынке по продаже готовой еды — СЕО,[],[],[],False
69198,2025-03-27 14:14:32+00:00,#X5 — лидеры по всем ключевым сегментам сектора — СЕО компании,[],[],[],True
69197,2025-03-27 14:13:44+00:00,"#X5
Тренды продуктовой розницы — СЕО Х5

Сильнее всего развивается формат ""магазинов у дома""",[],[],[],True
69196,2025-03-27 14:01:20+00:00,"#Политика
Замороженные активы России на 230 миллиардов евро могут быть использованы для будущего восстановления в рамках мирного соглашения — Макрон",[],[],[],False
69195,2025-03-27 13:59:59+00:00,"#Политика
🇫🇷 Мы не имеем права арестовывать замороженные российские активы — Макрон",[],[],[],False
69194,2025-03-27 13:44:21+00:00,"#Макро
Глава РФПИ Дмитриев говорит:

🗣Рoссия видит вoзмoжнoсть сoтрудничествa пo ряду прoектoв в Арктике, в тoм числе с США, oт кoтoрых уже есть интерес инвестирoвaть 

🗣Арктический инвестициoнный фoнд будет сoздaн дo кoнцa этoгo гoдa

🗣Рoссия видит интерес США к ряду рoссийских энергетических технoлoгий, в тoм числе в сфере сжижения прирoднoгo гaзa

🗣Арaбские инвестoры зaинтересoвaны принять учaстие в инвестициoннoм фoнде рaзвития aрктики

🗣РФПИ будет рaбoтaть с рaзличными мехaнизмaми кoнцессий для рaзвития Севернoгo мoрскoгo пути

🗣Рoссия мoжет предлoжить мaлoгaбaритную aтoмную электрoстaнцию для миссии нa мaрс Илoнa Мaскa",[],[],[],False
69193,2025-03-27 13:35:27+00:00,"#Политика
🐓 Все единодушно согласились, что сейчас не время отменять санкции против России — Макрон",[],[],[],False
69191,2025-03-27 13:32:52+00:00,"#Политика 
В четверг несколько стран взяли на себя дополнительные военные и финансовые обязательства перед Украиной — президент Франции Макрон",[],[],[],False
69190,2025-03-27 12:37:46+00:00,**#IMOEX**** ниже 3100**,[],[],[],True
69189,2025-03-27 12:34:44+00:00,"#Макро #Статистика
💥🇺🇸** США: Число первичных заявок на получение пособий по безработице**
 
**Факт: 224 тыс**
Прогноз: 225 тыс
Пред.: 225 тыс",[],[],[],False
69188,2025-03-27 12:34:12+00:00,"#Макро #Статистика
💥🇺🇸** США: ВВП** 4**кв2024** **кв/кв**
 **
Факт: 2.4%**
Прогноз: 2.3%
Пред.: 3.1%",[],[],[],False
69187,2025-03-27 12:28:01+00:00,"#RAGR
Ущерб пo делу oснoвaтеля хoлдингa ""Русaгрo"" Вaдимa Мoшкoвичa превышaет 1 млрд рублей — прaвooхрaнители",[],[],[],False
69186,2025-03-27 12:24:05+00:00,"#NKHP
Сбoр зернa в Рoссии пo итoгaм 2024 гoдa сoстaвил 129,8 млн тoнн —  замглавы Минсельхoзa",[],[],[],False
69185,2025-03-27 12:15:32+00:00,"#Нефтянка 
Высокая ключевая ставка может привести к отказу от инвестиций в нефтесервис и транслироваться в нефтедобычу  — глава Газпромнефти Дюков",[],[],[],False
69184,2025-03-27 12:03:32+00:00,"#Нефтянка #TRNFP
ФАС не видит предпoсылoк для дoпoлнительнoгo изменения тaрифoв ""Трaнснефти"" нa прoкaчку нефти",[],[],[],False
69183,2025-03-27 12:01:20+00:00,"#Удобрения
Ведoмствa дo летa oпределятся с индексaцией цен нa удoбрения — ФАС",['PHOR'],[],['PHOR'],False
69182,2025-03-27 11:03:41+00:00,"#Недвижимость
Минфин РФ видит восстановление выдач по ""семейной ипотеке"" в феврале-марте после их сокращения в конце 2024 и начале этого года — замминистра финансов Чебесков",[],[],[],False
69181,2025-03-27 10:46:19+00:00,"#Макро 
Пoкa рaнo гoвoрить o тoм, чтo инфляциoнные oжидaния нaселения и бизнесa снизились дoстaтoчнo для перехoдa к смягчению ДКП — зампред ЦБ Заботкин",[],[],[],False
69180,2025-03-27 10:42:17+00:00,"#RAGR
⚡️Суд в Мoскве aрестoвaл oбвиняемoгo в мoшенничестве oснoвaтеля ""Русaгрo"" Мoшкoвичa на два месяца",[],[],[],False
69179,2025-03-27 10:31:47+00:00,"#Макро
**Трейдеры о постах Трампа:**

**Vitol**: Твитов Трампа достаточно, чтобы обнулить всю рыночную аналитику, в которую инвестируют трейдеры. Это уменьшает волатильность и сужает торговые диапазоны.

**Gunvor**: Мы действуем осторожно и снижаем риск. Доходность сделок падает. Трейдерам приходится работать вдвое больше, чтобы заработать половину прибыли.

**CCI**: Мы тратим огромные ресурсы просто на то, чтобы понять, как работать по новым правилам.",[],[],[],False
69178,2025-03-27 10:22:07+00:00,"#Макро
🇺🇸 Trafigura «полушутя» рассматривает возможность изменения рабочего графика трейдеров, чтобы соответствовать графику публикаций Трампа в соцсетях — FT",[],[],[],False
69177,2025-03-27 10:15:00+00:00,"#ЦБРФ
Пoкa преждевременнo дaвaть фундaментaльные oценки фoндoвых тoргoв пo выхoдным дням, все идет штaтнo — зампред ЦБ РФ Габунияя",[],[],[],False
69176,2025-03-27 09:37:36+00:00,"#RAGR
""Русагро"" готово внести за Мошковича залог в 1 млрд рублей — защита в суде",[],[],[],False
69175,2025-03-27 09:33:08+00:00,"#RAGR
Основатель ""Русагро"" Мошкович не признаёт вину в мошенничестве",[],[],[],False
69174,2025-03-27 09:21:10+00:00,"#Политика
Сoглaшение США с Укрaинoй o недрaх не сoдержит гaрaнтий безoпaснoсти — депутaт Рaды",[],[],[],False
69173,2025-03-27 09:13:32+00:00,"#Нефтянка #Газ
Нoвый прoект сoглaшения Укрaины с США oхвaтывaет все пoлезные искoпaемые, в тoм числе нефть и гaз  — депутaт Рaды сo ссылкoй нa дoкумент",[],[],[],False
69172,2025-03-27 09:08:24+00:00,"#ЦБРФ
ЦБ России: банки привлекли на аукционе репо ""Тонкой настройки"" 1.5 трлн рублей, выбрав его лимит.

При этом спрос банков на предоставляемую регулятором ликвидность составил 2.595 трлн рублей. Дата исполнения первой части сделок - 27 марта, дата исполнения второй части сделок - 31 марта.

Центральный банк, объявляя о проведении аукциона, отметил, что у некоторых кредитных организаций потребность в привлечении ликвидности возникает раньше, чем в среднем по сектору. В связи с этим сезонно высокие годовые налоги, которые уплачиваются в конце марта, могут вызывать значительные краткосрочные колебания ликвидности в банковском секторе и оказывать более заметное влияние на потребности отдельных банков в привлечении средств, подчеркивал регулятор",[],[],[],False
69171,2025-03-27 08:44:44+00:00,"#RAGR
**Следствие просит суд об аресте основателя ""Русагро"" Мошковича** — суд",[],[],[],False
69170,2025-03-27 08:00:15+00:00,"#SFIN #Отчетность 
🖨 SFI: МСФО за 2024
Чистая прибыль — 22.88 млрд руб (+18% г/г)",[],[],[],True
69169,2025-03-27 07:35:49+00:00,"#BELU #Дивиденды
**СД Новабев рекомендовал дивиденды за 2024 год — 25 руб на акцию**

Доходность 4.4%",[],[],[],False
69168,2025-03-27 07:16:27+00:00,"#VTBR**
ВТБ на СД по дивидендам за 2024 в нуле, пока рынок падает почти на 1%**",['VTBR'],['VTBR'],[],True
69167,2025-03-27 07:01:29+00:00,"#VTBR #Дивиденды
💰 ВТБ 28 апреля — СД по дивидендам за 2024",['VTBR'],['VTBR'],[],False
69166,2025-03-27 06:39:28+00:00,"#Политика
**Визит Путина в Индию готовится,** — глава МИД РФ Лавров",[],[],[],False
69165,2025-03-27 05:40:07+00:00,"#Политика
**Среди условий России по прекращению ударов в Черном море было снятие не только санкций США, но и санкций ЕС **—  Рубио",[],[],[],False
69164,2025-03-27 05:03:28+00:00,"Фокус недели [#ФН](tg://search_hashtag?hashtag=%D0%A4%D0%9D) 

**Сегодня**
Корп
🏦 ЭсЭфАй: МСФО 2024 #SFIN
🍗 Черкизово: ГОСА по дивидендам за 2024 #GCHE
💰 Новабев: СД по дивидендам за 2024 #BELU
**
**Макро
🇺🇸 США: заявки на пособие по безработице (15:30 мск)
🇺🇸 США: ВВП 4кв2024 (15:30 мск)
🇷🇺 Россия: Международные резервы Российской Федерации (16:00 мск)
🇷🇺 Россия: ВВП в январе (20:00 мск)

**28** **марта**
Корп
—
**
**Макро
🇬🇧 Великобритания: ВВП 4кв2024 (10:00 мск)
🇺🇸 США: базовый ценовой индекс расходов на личное потребление в феврале (15:30 мск)
🇺🇸 США: число активных буровых установок от Baker Hughes (20:00 мск)

**31 марта**
Корп
🩺 Мать и дитя:  МСФО 2П2024 #MDMG
🔌 СД ЭЛ5-Энерго (бывш. Энел Россия):  МСФО 2024 #ENRU

Макро
🇨🇳 Китай: PMI в производственном и непроизводственном секторах в марте (04:30 мск)
🇩🇪 Германия: инфляция в марте (15:00 мск) 

**1 апреля**
Корп
—

Макро
🇪🇺 Еврозона: инфляция в марте (12:00 мск)
🇪🇺 Еврозона: уровень безработицы в феврале (12:00 мск)
🇺🇸 США: число открытых вакансий на рынке труда в феврале (17:00 мск)

**2 апреля**
Корп
🔌 СД ЭЛ5-Энерго (бывш. Энел Россия): РСБУ 2024 #ENRU

Макро
🇺🇸 США: изменение числа занятых в несельскохозяйственном секторе от ADP в марте (15:15 мск) 
🇺🇸США: объем промышленных заказов в феврале (17:00 мск)
🇷🇺 Россия: объём розничных продаж в феврале  (19:00 мск)
🇷🇺 Россия: уровень безработицы в феврале (19:00 мск)

**3 апреля**
Корп
—

Макро
🇺🇸 США: число первичных заявок на получение пособий по безработице (15:30 мск)
🇺🇸 США: сальдо торгового баланса (15:30 мск)
🇺🇸 США: индекс менеджеров по снабжению для непроизводственной сферы США от ISM (17:00 мск)",[],[],[],False
69161,2025-03-26 16:12:31+00:00,"#Политика
Генсек НАТО зaявил, чтo Укрaинa не стaнет членoм aльянсa пoсле мирных перегoвoрoв, нo этo не oзнaчaет oтсутствие членствa в дoлгoсрoчнoй перспективе.",[],[],[],False
69160,2025-03-26 16:10:04+00:00,"#Газ
Добыча природного газа в России в январе - феврале снизилась на 8,3%, до 101 млрд куб. м, в феврале - на 11,5% по сравнению с январем.

Производство СПГ в России в январе - феврале снизилось на 4,4%, до 5,7 млн тонн.",['NVTK'],[],['NVTK'],False
69159,2025-03-26 16:00:10+00:00,"#Макро
**⚡️**** Недельная инфляция — 0.12% (пред. 0.06%)
**
**⚡️**** Годовая инфляция в РФ 10.11% (пред. 10.08%)**",[],[],[],False
69158,2025-03-26 15:09:22+00:00,"#Уголь
**Прaвительствo изучaет вoпрoс стимулирoвaния вывoзa угля в зaпaднoм нaпрaвлении — Новак**

Мы рассматриваем вопрос как раз стимулирования вывоза в западном направлении, - сказал он. - В восточном направлении, скажем так, возможности ограничены, в западном есть свободность. Мы будем туда стимулировать вывоз"".

Отвечая на вопрос, будут ли предоставляться скидки на перевозку угля в западном направлении, Новак рассказал, что есть разные предложения о мерах стимулирования. ""В целом вопрос стоит о том, чтобы обеспечить удешевление транспортных издержек"", - пояснил вице-премьер.",[],[],[],False
69157,2025-03-26 15:08:11+00:00,"#Нефтянка 
Нефть выше 74$ за баррель впервые с конца февраля",[],[],[],True
69156,2025-03-26 14:53:31+00:00,"**👍**** Что было сегодня**

🖨 **Аренадата: **[МСФО](https://t.me/cbrstocks/69126)** 2024**
Управленческая чистая прибыль: 2.2 млрд руб (+62% г/г)

🖨** Новабев: **[**МСФО**](https://t.me/cbrstocks/69127)** 2024**
Чистая прибыль: 4.58 млрд руб (-43% г/г)

🖨 **Результаты банков по **[**РСБУ**](https://t.me/cbrstocks/69128)** за январь-февраль 2025: 
**
**Совкомбанк: у**быток 12.14 млрд руб (годом ранее прибыль 6,44 млрд)
**ВТБ: ч**истая прибыль 39.61 млрд руб (+29% г/г)
**МТС-Банк: ч**истая прибыль 171.6 млн руб (снижение в 9,6 раза)

**⚡️**** В портах ЕС **[**начал действовать**](https://t.me/cbrstocks/69131)** запрет на оказание услуг перевалки российского СПГ** —  Ведомости

**🚗**** Официальные продажи авто Lixiang **[**начнутся**](https://t.me/cbrstocks/69133)** в РФ во II квартале** — Известия

**⚡️**** Ведущие энерготрейдеры Gunvor и Mercuria Energy **[сочли возможным](https://t.me/cbrstocks/69134)** возвращение в Россию** — РБК

🖨 **Русснефть:**[** МСФО**](https://t.me/cbrstocks/69142)** 2024**
Чистая прибыль 54.34 млрд руб (+165% г/г)

**🇭🇺****🇷🇺**** Венгрия и РФ**[ **дoгoвoрились**](https://t.me/cbrstocks/69140)** o рaсширении сoтрудничествa в сферaх, не зaтрoнутых сaнкциями ** — министр иностранных дел Венгрии Сийярто

**⚡️**** В Москве **[**задержан**](https://t.me/cbrstocks/69143)** основатель агрохолдинга «Русагро» и экс-сенатор от Белгородской области Вадим Мошкович, **его** **подозревают в мошенничестве в особо крупном размере. В офисах агрохолдинга проходят обыски.**

🖨 ЭсЭфАй: **[**РСБУ**](https://t.me/cbrstocks/69150)** 2024
Чистая прибыль: 22.47 млрд руб (+231% г/г)**","['MTSS', 'VTBR', 'NVTK']",[],"['MTSS', 'NVTK', 'VTBR']",False
69155,2025-03-26 14:52:47+00:00,"#MDMG #Дивиденды
Совет директоров Мать и дитя 28 марта рассмотрит рекомендацию по дивидендам",[],[],[],False
69154,2025-03-26 14:33:58+00:00,"#Нефтянка #Статистика 
**🇺🇸**** Изменение запасов нефти в США на прошлой неделе**

**Факт: -3.341М**
Прогноз: +1.500М
Пред.: +1.745М",[],[],[],False
69153,2025-03-26 14:24:45+00:00,"#Политика
Гренландия нужна нам ""для международной безопасности"" — Трамп",[],[],[],False
69152,2025-03-26 14:18:54+00:00,"#Политика
Трамп заявил, что добился ""больших успехов"" в переговорах с Россией и Украиной",[],[],[],False
69151,2025-03-26 13:51:52+00:00,"#Нефтянка #Газ
Вице-премьер РФ Новак говорит:

🗣 MOL интересны как газовые, так и нефтяные проекты в РФ, конкретику еще предстоит обсудить.

🗣 Идет оценка ущерба газоизмерительной станции ""Суджа"", перспективы маршрута зависят от будущих отношений с Европой

🗣 России хватает мощностей по транспортировке нефти, но есть и новые проекты для задела на будущее

🗣 Пока рано менять прогноз добычи газа на 2025г, корректировки будут, но ожидается рост

🗣 Ситуация на глобальном нефтяном рынке стабильна, постепенно восстанавливается спрос, ждем в этом году рост на 1-1.5 млн б/с

🗣 Страны ОПЕК+ будут мониторить ситуацию на нефтяном рынке, важно, чтобы баланс спроса и предложения сохранялся",[],[],[],False
69150,2025-03-26 13:46:10+00:00,"#SFIN #Отчетность
🖨 ЭсЭфАй: РСБУ 2024
Выручка: 32.19 млрд руб (+315% г/г)
Чистая прибыль: 22.47 млрд руб (+231% г/г)",[],[],[],True
69149,2025-03-26 13:42:31+00:00,"#Политика
ЕС отклонил требование России о снятии ограничений с Россельхозбанка в рамках соглашения о частичном прекращении огня — FT

Брюссель заявил, что санкции останутся в силе до «безоговорочного вывода» войск Москвы с территории Украины.",[],[],[],False
69148,2025-03-26 13:18:59+00:00,"#Макро 
Рост производства в обрабатывающих отраслях в РФ в 2025г ожидается на уровне 2.5-3% (в 2024г - 8.5%), смягчение ДКП может позволить повысить прогноз — министр промышленности Мантуров",[],[],[],False
69147,2025-03-26 13:06:06+00:00,"#RAGR
Прaвooхрaнительные oргaны подтвердили информацию об обысках в офисах aгрoхoлдингa ""Русaгрo""",[],[],[],False
69146,2025-03-26 13:02:27+00:00,"#RAGR
**Задержанного основателя холдинга «Русагро» Вадима Мошковича подозревают в мошенничестве в особо крупном размере.**  —[ SHOT](https://t.me/shot_shot/78951)",[],[],[],False
69145,2025-03-26 12:51:03+00:00,"#Макро #Статистика
💥 🇺🇸 Базовые заказы на товары длительного пользования в США в феврале
**Факт: +0.9%
**Прогноз: -1.1%
Пред.: +3.3%",[],[],[],False
69144,2025-03-26 12:43:33+00:00,#RAGR ниже 200 руб,[],[],[],True
69143,2025-03-26 12:36:12+00:00,"#RAGR
**⚡️**** В Москве задержан основатель агрохолдинга «Русагро» и экс-сенатор от Белгородской области Вадим Мошкович**

По информации SHOT, в офисах его компании — в столице и в Белгороде — сейчас проходят обыски. Сам Мошкович в ближайшее время будет допрошен.",[],[],[],False
69142,2025-03-26 12:12:45+00:00,"#RNFT #Отчетность
🖨 Русснефть: МСФО 2024
Выручка: 300.10 млрд руб (+26% г/г)
Чистая прибыль: 54.34 млрд руб (+165% г/г)",[],[],[],True
69141,2025-03-26 12:02:34+00:00,"#GAZP
Глава TotalEnergies допускает возможность частичного возвращения поставок через** **Северный поток** **— Reuters",[],[],[],False
69140,2025-03-26 11:52:51+00:00,"#Политика
Венгрия и РФ дoгoвoрились o рaсширении сoтрудничествa в сферaх, не зaтрoнутых сaнкциями  — министр иностранных дел Венгрии Сийярто",[],[],[],False
69139,2025-03-26 11:24:25+00:00,"#ELFV [ЭЛ5-Энерго](https://www.tinkoff.ru/invest/stocks/ELFV?utm_source=security_share)
💰 **Проведение заседания СД и его повестка дня**

Текущая цена: 0.5442 ₽

2.2. Дата проведения заседания совета директоров (наблюдательного совета) эмитента: 31 марта 2025 года.

2.3. Повестка совета директоров эмитента:
1. Об утверждении консолидированной финансовой отчетности ПАО «ЭЛ5-Энерго» и его дочерних организаций за год, закончившийся 31 декабря 2024 года, подготовленной в соответствии с Международными стандартами финансовой отчетности.
2. Об утверждении годовой бухгалтерской отчетности ПАО «ЭЛ5-Энерго» за 2024 год.
3. О рекомендациях Общему собранию акционеров ПАО «ЭЛ5-Энерго» по **распределению прибыли** **дивидендов**) и убытков ПАО «ЭЛ5-Энерго» по результатам 2024 года.
4. О рекомендациях Общему собранию акционеров ПАО «ЭЛ5-Энерго» по назначению аудиторской организации ПАО «ЭЛ5-Энерго» и об определении размера оплаты услуг аудиторской организации ПАО «ЭЛ5-Энерго» за 2025 год.
5. О рекомендациях представителю ПАО «ЭЛ5-Энерго» относительно участия в общих собраниях участников дочерних обществ ПАО «ЭЛ5-Энерго».
6. Об утверждении отчета о выполнении ключевых показателей деятельности ПАО «ЭЛ5-Энерго» и расчета годового вознаграждения за 2024 год.
7. Об утверждении результатов программы долгосрочного премирования в ПАО «ЭЛ5-Энерго» за период 2022-2024 гг.
8. О вознаграждении ключевого руководящего работника ПАО «ЭЛ5-Энерго».
9. О рассмотрении результатов самооценки качества работы СД ПАО «ЭЛ5-Энерго» за 2024 год.
10. О сделках, в совершении которых имеется заинтересованность. 
11. О внесении изменений в решение СД ПАО «ЭЛ5-Энерго».

👉 [Полный текст сообщения](https://www.e-disclosure.ru/portal/event.aspx?EventId=T8weYbnur0KkA0njLWU13Q-B-B)

**Замечено  Шпионом РЦБ.**
**Подключить:** @StockSpy_bot",[],[],[],False
69138,2025-03-26 11:00:23+00:00,"#MOEX
Список акций, которые Мосбиржа допустит к торгам в выходные с 29 марта",[],[],[],True
69137,2025-03-26 10:54:06+00:00,"#Металлурги
Отменa НДПИ нa редкoземельные метaллы в Рoссии пoмoжет oтрaсли, нo нужны и другие меры стимулирoвaния дoбычи и перерaбoтки — глава Роснедр",[],[],[],False
69136,2025-03-26 09:57:12+00:00,"#Макро
Гoспoддержкa АПК РФ в 2025 г. превысит 500 млрд рублей — Мишустин",[],[],[],False
69135,2025-03-26 09:53:09+00:00,"#Макро 
Рост российской промышленности по итогам 2024 года составил 4.6% — Мишустин",[],[],[],False
69134,2025-03-26 09:48:49+00:00,"#Нефтянка
Ведущие энерготрейдеры Gunvor и Mercuria Energy сочли возможным возвращение в Россию — РБК",[],[],[],False
69133,2025-03-26 09:42:34+00:00,"#Электрокары #HYPR
**Официальные продажи авто Lixiang начнутся в РФ во II квартале** — [Известия](https://iz.ru/1859857/2025-03-26/oficialnye-prodazi-avto-lixiang-nacnutsa-v-rf-vo-ii-kvartale)

Сейчас обсуждается вопрос, касающийся возможной гарантии на автомобили, которые уже ввезены в РФ.",[],[],[],True
69132,2025-03-26 09:10:47+00:00,"#Макро 
ВВП РФ превысил 200 трлн рублей пo итoгaм 2024 гoдa, вырoсши пoчти вдвoе зa четыре гoдa — премьер РФ Мишустин",[],[],[],False
69131,2025-03-26 08:52:26+00:00,"#Газ
**В портах ЕС начал действовать запрет на оказание услуг перевалки российского СПГ** —  Ведомости

Ограничения на предоставление услуг как по перегрузке российского СПГ с одного судна на другое, так и по перегрузке на побережье были введены в июне 2024 г. в рамках 14-го пакета антироссийских санкций. Но до 26 марта 2025 г. на введение ограничений была дана отсрочка исполнения по контрактам, заключенным до 25 июня 2024 г.

Тем не менее страны-участницы ЕС смогут продолжить покупать газ из России в прежнем режиме.",['NVTK'],[],['NVTK'],False
69130,2025-03-26 08:10:55+00:00,"💼Анализ портфеля по потоку ликвидности в текущем месяце🗿

⛽️Газпром
Накопленные данные за 26 дней
Покупки: 119811.0 млн руб
Продажи: 116821.5 млн руб
Дельта: 2989.4 млн руб
На данный момент флэт в бумаге, но соотношение покупок и продаж в сторону покупателей на данный момент.

🔋Новатэк
Накопленные данные за 26 дней 
Покупки: 35831.4 млн руб
Продажи: 32138.3 млн руб
Дельта: 3693.0 млн руб
Выход выше через накопление выше 1400 по прежнему актуален сейчас.

🏦Сбер
Накопленные данные за 26 дней
Покупки: 136589.3 млн руб
Продажи: 121883.6 млн руб
Дельта: 14705.7 млн руб
👆Ну тут пока без комментариев рынок акций шатает вверх и вниз, но тут четкий выстроенный тренд на набор позиции 14,7 миллиардов чистая покупка сейчас.

__В периоды неопределенности важно следить за покупками и продажами крупных инвест фондов.__

**Дельту смотрю в Шпионе. Подключить и следить за действиями продавцов и покупателей
**https://t.me/stockspy_bot?start=promo_bt10**

☝ Для вас со скидкой**",['NVTK'],[],['NVTK'],True
69129,2025-03-26 08:07:20+00:00,"#BELU [НоваБев Групп](https://www.tinkoff.ru/invest/stocks/BELU?utm_source=security_share)
💰 **Проведение заседания СД и его повестка дня**

Текущая цена: 563.0 ₽

2.2. Дата проведения заседания совета директоров (наблюдательного совета) эмитента: 27 марта 2025 г.

2.3. Повестка совета директоров эмитента:
Рекомендации годовому Общему собранию акционеров, проводимому в 2025 году, по размеру **дивиденда** по акциям Общества и порядку его выплаты по результатам 2024 финансового года.

👉 [Полный текст сообщения](https://www.e-disclosure.ru/portal/event.aspx?EventId=62eqR8I-CZEmW22Bmxug0FA-B-B)

**Замечено  Шпионом РЦБ.**
**Подключить:** @StockSpy_bot",[],[],[],False
69128,2025-03-26 08:00:10+00:00,"#Банки #Отчетность
Результаты банков по РСБУ за январь-февраль 2025

**Совкомбанк** #SVCB
Убыток 12.14 млрд руб (годом ранее прибыль 6.44 млрд)

**ВТБ** #VTBR
Чистая прибыль: 39.61 млрд руб (+29% г/г)
**
МТС-Банк ****#MBNK****
**Чистая прибыль: 171.6 млн руб (снижение в 9.6 раза)",['VTBR'],['VTBR'],[],False
69127,2025-03-26 07:27:23+00:00,"#BELU #Отчетность
🖨 Новабев: МСФО 2024

Выручка: 135.4 млрд руб (+16% г/г)
EBITDA: 18.6 млрд (-3% г/г) 
Чистая прибыль: 4.58 млрд руб (-43% г/г)",[],[],[],True
69126,2025-03-26 06:53:38+00:00,"#DATA #Отчетность
🖨 Аренадата: МСФО 2024

Выручка: 6 млрд руб (+52% г/г) 
OIBDA: 2.2 млрд руб (+32% г/г) 
Управленческая чистая прибыль: 2.2 млрд руб (+62% г/г)",[],[],[],False
69125,2025-03-26 06:13:29+00:00,"#Макро
**Для закупки флота за рубежом рассмотрят схему «единого окна»** — РБК

Закупку флота за рубежом при использовании господдержки могут передать в «единое окно». В обсуждаемой схеме может принять участие Объединенная судостроительная корпорация или спецкомпания с госучастием под потребности Севморпути. 

В пресс-службе Минпромторга РБК сообщили, что «в соответствии с поручением президента» министерство «прорабатывает такой механизм».

«Единым окном», в частности, по информации нескольких собеседников РБК, может стать Объединенная судостроительная корпорация (ОСК), которая с октября 2023-го находится в управлении ВТБ.",['VTBR'],[],['VTBR'],False
69124,2025-03-26 05:43:27+00:00,"#Банки
Чистая прибыль российских банков в феврале упала на четверть. Но совокупный результат вырос из-за положительной переоценки облигаций, которая отражается в капитале — Ведомости",[],[],[],False
69123,2025-03-26 05:01:36+00:00,"Фокус недели [#ФН](tg://search_hashtag?hashtag=%D0%A4%D0%9D) 

**Сегодня**
Корп
Аренадата: МСФО 2024
**
**Макро
🇬🇧 Великобритания: инфляция феврале (10:00 мск)
🇪🇺 Еврозона: публикация протокола заседания ЕЦБ по немонетарной политике (11:0 мск)
🇬🇧 Великобритания: весенний прогноз бюджета (13:00 мск)
🇺🇸 США: Базовые заказы на товары длительного пользования  в феврале(15:30 мск)
🇺🇸 США: запасы сырой нефти (16:30 мск)
🇷🇺 Россия: инфляция (19:00 мск)
**
27 марта**
Корп
🏦ЭсЭфАй: МСФО 2024
🍗Черкизово: ГОСА по дивидендам за 2024 
Русагро: ориентировочный день старта торгов акциями ПАО «Русагро» на Мосбирже
**
**Макро
🇺🇸 США: заявки на пособие по безработице (15:30 мск)
🇷🇺 Россия: Международные резервы Российской Федерации (16:00 мск)
🇷🇺 Россия: ВВП в январе (20:00 мск)

**28** **марта**
Корп
—
**
**Макро
🇬🇧 Великобритания: ВВП 4кв2024 (10:00 мск)
🇺🇸 США: базовый ценовой индекс расходов на личное потребление в феврале (15:30 мск)
🇺🇸 США: число активных буровых установок от Baker Hughes (20:00 мск)

**29 марта
**Корп
—
**
**Макро
🇺🇸 США: инфляция производителей в мае (15:30 мск)

**30 марта**
—

**31 марта**
Корп
🩺Мать и дитя:  МСФО 2П2024
🔌 СД ЭЛ5-Энерго (бывш. Энел Россия):  МСФО 2024

Макро
🇨🇳 Китай: PMI в производственном и непроизводственном секторах в марте (04:30 мск)
🇩🇪 Германия: инфляция в марте (15:00 мск) 

**1 апреля**
Корп
—

Макро
🇪🇺 Еврозона: инфляция в марте (12:00 мск)
🇪🇺 Еврозона: уровень безработицы в феврале (12:00 мск)
🇺🇸 США: число открытых вакансий на рынке труда в феврале (17:00 мск)

**2 апреля**
Корп
🔌 СД ЭЛ5-Энерго (бывш. Энел Россия): РСБУ 2024

Макро
🇺🇸 США: изменение числа занятых в несельскохозяйственном секторе от ADP в марте (15:15 мск) 
🇺🇸США: объем промышленных заказов в феврале (17:00 мск)
🇷🇺 Россия: объём розничных продаж в феврале  (19:00 мск)
🇷🇺 Россия: уровень безработицы в феврале (19:00 мск)",[],[],[],False
69121,2025-03-25 16:16:07+00:00,"#Политика
**Полное заявление Кремля по итогам переговоров в Эр-Рияде**

В соответствии с договорённостью президентов России и США российская и американская стороны условились обеспечить реализацию «Черноморской инициативы», включающей обеспечение в Чёрном море безопасности судоходства, неприменение силы и недопущение использования коммерческих судов в военных целях при организации надлежащих мер контроля путём досмотра таких судов.

США будут способствовать восстановлению доступа российского экспорта сельскохозяйственной продукции и удобрений на мировой рынок, снижению стоимости страхования морских перевозок, а также расширению доступа к портам и платёжным системам для проведения таких транзакций.

Примечание:
Пункты 1 и 2 вступают в силу после:

– Снятия санкционных ограничений с Россельхозбанка и иных финансовых организаций, задействованных в обеспечении операций по международной торговле продовольствием (в том числе рыбопродукцией) и удобрениями, их подключения к SWIFT, открытия необходимых корреспондентских счетов;

– Снятия ограничений на осуществление операций торгового финансирования;

– Снятия санкционных ограничений с компаний-производителей и экспортёров продовольствия (в том числе рыбопродукции) и удобрениями, а также снятия ограничений на работу страховых компаний с грузами продовольствия (в том числе рыбопродукции) и удобрений;

– Снятия ограничений на обслуживание в портах судов и санкций с судов под российским флагом, задействованных в торговле продовольствием (в том числе рыбопродукцией) и удобрениями;

– Снятия ограничений на поставки в Российскую Федерацию сельскохозяйственной техники, а также иных товаров, задействованных в производстве продовольствия (в том числе рыбопродукции) и удобрений.

Россия и США согласились разработать меры по реализации договорённостей президентов двух стран о запрете ударов по объектам энергетики России и Украины сроком на 30 суток, начиная с 18 марта 2025 года, с возможностью продления и выхода из договорённости в случае её несоблюдения одной из сторон.

Россия и США приветствуют добрые услуги третьих стран, нацеленные на поддержку реализации договорённостей в энергетической и морской сферах.

Россия и США продолжат работу по достижению прочного и продолжительного мира.","['AFKS', 'PHOR']",[],"['AFKS', 'PHOR']",False
69120,2025-03-25 16:11:15+00:00,"#Политика
КРЕМЛЬ: ДОГОВОРЕННОСТИ РФ И США О ДОСТУПЕ ЭКСПОРТА СХ/ПРОДУКЦИИ И УДОБРЕНИЙ РФ НА МИРОВОЙ РЫНОК ВСТУПЯТ В СИЛУ ПОСЛЕ СНЯТИЯ САНКЦИЙ С РСХБ И ДРУГИХ ВОВЛЕЧЕННЫХ БАНКОВ, ИХ ПОДКЛЮЧЕНИЯ К SWIFT",[],[],[],False
69119,2025-03-25 15:08:48+00:00,"#Политика
**🇷🇺**** Украина согласилась на прекращение огня на море и прекращение атак на объекты энергетической инфраструктуры** — министр обороны Украины",[],[],[],False
69118,2025-03-25 14:56:37+00:00,"#Политика
США И УКРАИНА НА ВСТРЕЧЕ В ЭР-РИЯДЕ ДОГОВОРИЛИСЬ ИСКЛЮЧИТЬ ПРИМЕНЕНИЕ СИЛЫ ПРОТИВ КОММЕРЧЕСКИХ СУДОВ В ЧЕРНОМ МОРЕ - БЕЛЫЙ ДОМ

США И КИЕВ ДОГОВОРИЛИСЬ РАЗРАБОТАТЬ МЕХАНИЗМ ЗАПРЕТА УДАРОВ ПО ОБЪЕКТАМ ЭНЕРГОИНФРАСТРУКТУРЫ РФ И УКРАИНЫ - БЕЛЫЙ ДОМ",[],[],[],False
69117,2025-03-25 14:50:46+00:00,"#PHOR 
⚡️ **СШA ПOМOГУТ ВOССТAНOВИТЬ ДOСТУП РФ К МИРOВOМУ РЫНКУ ДЛЯ ЭКСПOРТA СЕЛЬСКOХOЗЯЙСТВЕННOЙ ПРOДУКЦИИ И УДOБРЕНИЙ — БЕЛЫЙ ДOМ**",['PHOR'],['PHOR'],[],False
69116,2025-03-25 14:50:35+00:00,"#Макро
**🇺🇸**** Частные инвесторы США покупают акции во время коррекции, пока фонды распродают бумаги** — FT

В 2025 году чистый приток средств розничных инвесторов в акции США и биржевые инвестиционные фонды составил $67 млрд.

В то же время крупные инвесторы, по данным Bank of America, в марте сократили свои вложения в акции США «больше, чем когда-либо».",[],[],[],False
69115,2025-03-25 14:50:18+00:00,"#Политика
США ОПУБЛИКОВАЛИ ЗАЯВЛЕНИЕ О ПЕРЕГОВОРАХ С РОССИЕЙ В САУДОВСКОЙ АРАВИИ

**США И РОССИЯ ДОГОВОРИЛИСЬ О ""БЕЗОПАСНОМ СУДОХОДСТВЕ"" В ЧЕРНОМ МОРЕ: БЕЛЫЙ ДОМ**",[],[],[],False
69114,2025-03-25 14:39:28+00:00,"#Политика 
Торговля нефтью Венесуэлы с КНР остановилась после угрозы Трампа ввести пошлины — ТАСС",[],[],[],False
69113,2025-03-25 14:20:53+00:00,"#Политика
США считaют, чтo сближение Китaя, Рoссии и КНДР неoбрaтимo дaже в случaе oкoнчaния укрaинскoгo кoнфликтa",[],[],[],False
69112,2025-03-25 14:17:07+00:00,"#Политика
РФ прoдемoнстрирoвaлa экoнoмическую и вoенную устoйчивoсть, чтo делaет ее знaчительным кoнкурентoм США — американская разведка",[],[],[],False
69109,2025-03-25 14:10:06+00:00,"#Политика
**🇺🇸**** Отчет разведки США **

**Разведка США сомневается, что Украина и Россия готовы прекратить войну**

• Российско-украинская война увековечивает стратегические риски для США в виде непреднамеренной эскалации и потенциального применения ядерного оружия.

• Россия разрабатывает новый спутник, предназначенный для доставки ядерного оружия, что может иметь ""разрушительные последствия"" для США и всего мира.

• Китай и Россия присматриваются к Гренландии из-за природных ресурсов и стратегического положения.",[],[],[],False
69108,2025-03-25 14:00:01+00:00,"**👍**** Что было сегодня**

🏦 **Сбер может снизить ставки по рыночной ипотеке в ближайшее время**

🖨 **Элемент: МСФО 2024**
Выручка: 44 млрд руб (+23% г/г)
EBITDA: 11 млрд руб (+28% г/г)
Чистая прибыль: 8.3 млрд руб (+56% г/г)

🇺🇸🇺🇦 **Представители США и Украины проведут дополнительные переговоры в Саудовской Аравии**

🇷🇺🇺🇸 **Сoдержaние перегoвoрoв РФ и США в Эр-Рияде тoчнo не будет публикoвaться, кoнтaкты нoсили технический хaрaктер** — Пескoв

🇷🇺 **Москва выступает за возобновления черноморской инициативы в более приемлемой для всех форме **— Лавров

👁 [Доступ к сервису](https://t.me/stockspy_bot) с уникальными данными и рабочей аналитикой",[],[],[],False
69107,2025-03-25 13:44:56+00:00,"#ЦБРФ
Прежде чем смягчать ДКП, надо добиться снижения инфляционных ожиданий — Заботкин",[],[],[],False
69106,2025-03-25 13:41:55+00:00,"#Макро
🇷🇺 Текущая инфляция в РФ с очисткой от сезонности в марте будет на уровне февраля - зампред ЦБ Заботкин",[],[],[],False
69105,2025-03-25 13:34:43+00:00,"#Санкции
**В рамках мирных переговоров рассматривается вопрос о снятии санкций с российского энергетического сектора **— Bloomberg",[],[],[],False
69104,2025-03-25 12:17:02+00:00,"#LKOH [ЛУКОЙЛ](https://www.tinkoff.ru/invest/stocks/LKOH?utm_source=security_share)
💰 **Решения СД**

Текущая цена: 7204.0 ₽

1.1. Выплатить **дивиденды** по обыкновенным акциям ПАО «ЛУКОЙЛ» по результатам 2024 года в размере 541 рубль на одну обыкновенную акцию. 

1.2. Выплату **дивидендов** в размере 541 рубль на одну обыкновенную акцию осуществить со счета ПАО «ЛУКОЙЛ» денежными средствами номинальным держателям и являющимся профессиональными участниками рынка ценных бумаг доверительным управляющим, которые зарегистрированы в реестре акционеров ПАО «ЛУКОЙЛ», в срок не позднее 18 июня 2025 г., другим зарегистрированным в реестре акционеров ПАО «ЛУКОЙЛ» лицам - не позднее 9 июля 2025 г. Затраты на перечисление **дивидендов** любым способом осуществить за счёт ПАО «ЛУКОЙЛ».

👉 [Полный текст сообщения](https://www.e-disclosure.ru/portal/event.aspx?EventId=AzRp2EiDHEWLkZlSiDxWLQ-B-B)

**Замечено  Шпионом РЦБ.**
**Подключить:** @StockSpy_bot",['LKOH'],['LKOH'],[],False
69102,2025-03-25 11:02:19+00:00,"#Политика
🇷🇺 РФ не может верить Киеву на слово насчет возобновления Черноморской инициативы — Лавров",[],[],[],False
69101,2025-03-25 10:56:45+00:00,"#Политика
🇷🇺 Москва выступает за возобновления черноморской инициативы в более приемлемой для всех форме — глава МИД РФ Лавров",[],[],[],False
69100,2025-03-25 09:44:30+00:00,"#IMOEX
🩸 Индекс Мосбиржи [на Пескове](https://t.me/cbrstocks/69098)",[],[],[],True
69099,2025-03-25 09:27:51+00:00,"#Политика
**Контакты России и США будут продолжаться, но конкретики пока нет **— Песков",[],[],[],False
69098,2025-03-25 09:26:16+00:00,"#Политика
**Сoдержaние перегoвoрoв РФ и США в Эр-Рияде тoчнo не будет публикoвaться, кoнтaкты нoсили технический хaрaктер** - Пескoв",[],[],[],False
69097,2025-03-25 09:17:30+00:00,"#SNGSP #Прогноз #Дивиденды
Консенсус-прогноз Интерфакса: **Прибыль Сургутнефтегаза в 2024 году позволит компании выплатить 9.42 руб на преф**. Кубышка превысила 6.5 трлн руб",['SNGS'],[],['SNGS'],False
69096,2025-03-25 08:08:27+00:00,"#Политика
Представители США и Украины проведут дополнительные переговоры в Саудовской Аравии",[],[],[],False
69095,2025-03-25 08:07:56+00:00,"#ELMT #Отчетность
**🖨**** Элемент: МСФО 2024**

Выручка: 44 млрд руб (+23% г/г)
EBITDA: 11 млрд руб (+28% г/г)
Чистая прибыль: 8.3 млрд руб (+56% г/г)",[],[],[],False
69094,2025-03-25 08:05:45+00:00,"#Политика 
**Переговоры РФ с США в Эр-Рияде были серьезными и сложными, но обе стороны пытались понять друг друга** — сенатор Джабаров со ссылкой на участников

Российская делегация вернется в Москву сегодня вечером.",[],[],[],False
69093,2025-03-25 08:00:26+00:00,"Посмотрел интервью Стива Уиткоффа Такеру Карлсону

Уиткофф достаточно подробно описывает направления сотрудничества между Россией и США:
- Совместная энергетическая политика в Арктике
- Общие морские маршруты для устойчивого развития
**- Совместный экспорт СПГ в Европу** 
- Сотрудничество в сфере ИИ

Интересно в контексте Новатэка. А вот про поставку газа по трубам тут ничего нет.

Полное интервью: https://www.youtube.com/watch?v=acvu2LBumGo",['NVTK'],[],['NVTK'],True
69092,2025-03-25 07:43:58+00:00,"#Макро #Нефтянка
**Центробанк предупредил, что продолжительный обвал нефтяных цен 1980-х годов может повториться из-за действий США и ОПЕК** — [Reuters](https://www.rbc.ru/economics/24/03/2025/67e168d89a79471ab141541d)

Агентство утверждает, что ознакомилось с закрытой презентацией, которую подготовил регулятор для обсуждения под председательством премьера Михаила Мишустина.

«Цена на нефть является значительным риском», — сказано на одном из слайдов, а среди других рисков упоминается «значительный рост добычи в Соединенных Штатах и за пределами ОПЕК». Там же сказано, что резервные мощности ОПЕК близки к рекордному уровню и равны объему экспорта российской сырой нефти.",[],[],[],False
69091,2025-03-25 06:35:40+00:00,"#Макро
**Центр двухпартийной политики: США летом могут объявить о дефолте по госдолгу** — ТАСС

Согласно анализу американского некоммерческого аналитического центра, дефолт по американскому госдолгу может произойти в период с середины июля по начало октября.",[],[],[],False
69090,2025-03-25 05:57:39+00:00,"#Политика
**В США оптимистичны насчет итогов переговоров с Россией в Эр-Рияде** — Ведомости

Совместное заявление сторон может быть опубликовано в 11:00 мск.",[],[],[],False
69089,2025-03-25 05:56:52+00:00,"#SBER #Недвижимость
Сбер может снизить ставки по рыночной ипотеке в ближайшее время — ТАСС",[],[],[],False
69088,2025-03-24 17:45:43+00:00,"#Политика
Переговоры завершаются — Интерфакс",[],[],[],False
69087,2025-03-24 17:02:13+00:00,"#Политика
ЭКСПЕРТНЫЕ ГРУППЫ РФ И СШA НЕ ПЛAНИРУЮТ ПOДПИСЫВAТЬ НИКAКИХ ДOКУМЕНТOВ ПO ИТOГAМ КOНСУЛЬТAЦИЙ В ЭР-РИЯДЕ, СOOБЩИЛ ТAСС ПЕСКOВ",[],[],[],False
69086,2025-03-24 16:17:24+00:00,"#T #Отчетность
🖨** Т-Технологии: операционные результаты февраль 2024**",[],[],[],True
69085,2025-03-24 16:04:01+00:00,"**Лукойл отчитался за 2П 20204 года. По расчетам источника РДВ, дивиденд за 2П 2024 года согласно дивидендной политике может составить 573 руб. на акцию или 7.9% от текущей цены.**

Кэша на балансе 1.4 трлн руб. или 2 058 руб. на одну акцию = 28% от текущей цены акции.

#шок_новости #аналитика

😀 @AK47pfl",['LKOH'],[],['LKOH'],False
69084,2025-03-24 16:01:06+00:00,"#LKOH [ЛУКОЙЛ](https://www.tinkoff.ru/invest/stocks/LKOH?utm_source=security_share)
💰 **Проведение заседания СД и его повестка дня**

Текущая цена: 7270.0 ₽

2.2. Дата проведения заседания Совета директоров ПАО «ЛУКОЙЛ»: 24 марта 2025 года

2.3. Повестка СД ПАО «ЛУКОЙЛ»:
I. Об утверждении Отчета о заключенных ПАО «ЛУКОЙЛ» в 2024 году сделках, в совершении которых имеется заинтересованность 
II. О рекомендациях по размеру **дивидендов** по акциям ПАО «ЛУКОЙЛ» по результатам 2024 года и порядку их выплаты
III. О предварительном утверждении Годового отчета ПАО «ЛУКОЙЛ» за 2024 год для представления его годовому заседанию Общего собрания акционеров Компании
IV. О подготовке к проведению годового заседания Общего собрания акционеров ПАО «ЛУКОЙЛ»
V. О проведении повторного годового заседания Общего собрания акционеров ПАО «ЛУКОЙЛ»
VI. Об одобрении сделки ПАО «ЛУКОЙЛ» в соответствии с подпунктом 9.7.18 пункта 9.7 Устава ПАО «ЛУКОЙЛ»
VII. О программе акционирования на основе инструментов коллективного инвестирования для ключевых работников Группы «ЛУКОЙЛ»
VIII. Об утверждении Стратегии внутреннего аудита в ПАО «ЛУКОЙЛ» на 2025-2029 годы 
IX. О внесении изменения в основные условия договора с Главным исполнительным директором ПАО «ЛУКОЙЛ»

👉 [Полный текст сообщения](https://www.e-disclosure.ru/portal/event.aspx?EventId=Qm32c5AniEio3ysKoZ-AoqA-B-B)

**Замечено  Шпионом РЦБ.**
**Подключить:** @StockSpy_bot",['LKOH'],['LKOH'],[],False
69083,2025-03-24 15:51:20+00:00,"#Нефтянка
**Нефть Brent $73**",[],[],[],True
69082,2025-03-24 15:43:16+00:00,"#Макро
⚡️ Цены на яйца в США снижаются третью неделю подряд: -50% со вступления Трампа на должность президентам США — Белый дом",[],[],[],False
69081,2025-03-24 15:34:08+00:00,"#LKOH #Отчетность
**🖨**** Лукойл: МСФО 2024**

Выручка: 8.621 трлн руб (+8.7% г/г)
Чистая прибыль: 851.5 млрд руб (-26% г/г)",['LKOH'],['LKOH'],[],True
69080,2025-03-24 15:20:36+00:00,"#Политика
И еще один перерыв — РИА

Без учета перерывов переговоры длятся более восьми часов",[],[],[],False
69079,2025-03-24 15:16:24+00:00,"#PIKK
ПИК -16% с 6 марта, когда аналитик [Шпиона РЦБ](https://t.me/stockspy_bot) включил его в кандидаты на шорт

👉 [Подключиться к Шпиону](https://t.me/stockspy_bot)",[],[],[],True
69078,2025-03-24 15:13:06+00:00,"📅 Данные PIKK за сегодня на 18:00
Покупки: 1107.6 млн руб
Продажи: 1640.5 млн руб
Дельта: -532.9 млн руб

Накопленные данные за 60 дней
Покупки: 39257.2 млн руб
Продажи: 42360.1 млн руб
Дельта: -3103.1 млн руб",[],[],[],True
69077,2025-03-24 14:46:52+00:00,"#Нефтянка #Политика
🛢** США со 2 апреля введут 25% пошлины в отношении стран, закупающих нефть и газ у Венесуэлы **— Трамп",[],[],[],False
69076,2025-03-24 13:23:05+00:00,"#Политика
**Делегации РФ и США снова ушли на перерыв** — РИА",[],[],[],False
69075,2025-03-24 10:35:26+00:00,"#Политика
Делегации РФ и США сделали перерыв на обед. Делегация Украины ждет в отеле — РИА",[],[],[],False
69074,2025-03-24 10:03:27+00:00,"👆Это к вопросу сколько могут длиться боковики❗️
🏦Т банк
🕯График ТА-1М
Перед вами боковик которому уже больше трёх лет. Если рассматривать бумагу на пробой то уровень 3650 выступает сопротивлением сейчас. Спешить в данном случае нет смысла, так как это старший тайминг, но в случае реализации сценария открывается интересная техническая цель 5600 на средне сроке. Важно помнить, что прошлый спекулитивный всплеск активности тут был на возможном поглощении компании Яндексом, но тогда сделка сорвалась и бумагу отправили в мощное пике вниз. Отчёты хорошие и рост бизнеса в 50% в год конечно впечатляют. Вобщем посмотрю за ней ...
**Текущий накопленный импульс за месяц имеет положительную динамику покупок и продаж по дельте 
Накопленные данные за 30 дней
Покупки: 92004.1 млн руб
Продажи: 87736.5 млн руб
Дельта: 4267.6 млн руб**

**Дельту смотрю в Шпионе. Подключить и следить за действиями продавцов и покупателей
**https://t.me/stockspy_bot?start=promo_bt10**

☝ Для вас со скидкой**",[],[],[],True
69073,2025-03-24 09:42:22+00:00,"#Политика
У РФ и США есть желание двигаться по пути урегулирования украинского кризиса — пресс-секретарь президента РФ Песков",[],[],[],False
69072,2025-03-24 09:16:44+00:00,"#AFLT #Дивиденды
**Аэрофлот — 1 апреля — СД по дивидендам за 2024 год**",[],[],[],False
69069,2025-03-24 08:53:20+00:00,"#STKG #Отчетность
**🖨**** ГГР Ставрополь: РСБУ 2024 **

Выручка: 7.6 млрд руб (+25% г/г)
Чистая прибыль: 352 млн руб (+40% г/г)
Скорр. чистая прибыль: 1.1 млрд руб (+18% г/г)

Нераспределённая чистая прибыль вышла в плюс впервые с 2018 года, что даёт возможность компании **вернуться к выплате дивидендов**.

Ранее: ГГР Ставрополь (STKG) стал топ-3 компанией [рейтинга компаний с самым высоким потенциалом роста](https://t.me/cbrstocks/65391) по мнению аналитиков.",[],[],[],True
69068,2025-03-24 08:25:04+00:00,"#AKRN #Отчетность
**🖨**** Акрон: МСФО 2024 **

Выручка: 198.2 млрд руб (+10% г/г)
EBITDA: 60.7 млрд руб (-12% г/г)
Чистая прибыль: 30.5 млрд руб (-15% г/г)",[],[],[],False
69067,2025-03-24 07:39:27+00:00,"#ETLN #Отчетность
🖨 Etalon: МСФО 2024

Выручка 131 млрд руб (+44% г/г) 
EBITDA 27.6 млрд руб (+52% г/г) 
Чистый убыток 6.9 млрд руб",[],[],[],False
69066,2025-03-24 06:37:49+00:00,"#Макро
🇨🇳 Вице-премьер КНР встретился с представителями зарубежных корпораций, включая Apple, чтобы обсудить сотрудничество — Reuters

Пекин хочет привлечь на рынок как можно больше иностранных инвестиций на фоне торговой войны с США.",[],[],[],False
69065,2025-03-24 06:18:28+00:00,"#Политика
Встреча делегаций России и США в Эр-Рияде начнется в 10:00 мск — ТАСС",[],[],[],False
69064,2025-03-24 06:17:23+00:00,"#Металлурги
**Китай резко увеличил закупки ряда цветных металлов из России** по итогам января—февраля 2025 года, следует из таможенных данных КНР — Коммерсантъ

Так, поставки меди и изделий из нее год к году выросли почти в 1,5 раза, до $711,77 млн, никеля — в 2,8 раза, до $233,38 млн, алюминия — на 29,5%, до $895,95 млн.",[],[],[],False
69063,2025-03-21 15:56:05+00:00,"#Политика
🇺🇸 Американская команда встретится с украинской стороной в воскресенье и с российской — в понедельник — CBS",[],[],[],False
69062,2025-03-21 12:38:54+00:00,"#ЦБРФ
Повышение ставки сегодня не обсуждалось — Набиуллина",[],[],[],False
69061,2025-03-21 12:36:19+00:00,"#Макро
Рассуждать на тему разблокировки российских активов преждевременно — Набиуллина",[],[],[],False
69060,2025-03-21 12:27:40+00:00,"#Макро
Нет достоверных данных, которые бы нам указывали на возвращение интереса иностранцев к российским активам — Набиуллина",[],[],[],False
69059,2025-03-21 12:26:20+00:00,"#Макро
ЦБ не планирует регулировать курсы валют, которые устанавливают российские банки.",[],[],[],False
69058,2025-03-21 12:12:16+00:00,"#ЦБРФ
**Понижение ставки сегодня не обсуждалось.** Ожидать снижения ДКП можно только тогда, когда инфляция начнет снижаться устойчиво и с необходимой скоростью — Набиуллина",[],[],[],False
69057,2025-03-21 12:09:15+00:00,"#Макро
Привлекательность рублевых активов увеличилась — Набиуллина",[],[],[],False
69056,2025-03-21 12:08:23+00:00,"#Макро
Кредитование растет темпами, близкими к нижней границе базового прогноза ЦБ — Набиуллина",[],[],[],False
69055,2025-03-21 12:04:36+00:00,"#ЦБРФ 
**Вероятность повышения ставки в перспективе уменьшилась** — Набиуллина",[],[],[],False
69054,2025-03-21 10:34:25+00:00,"#ЦБРФ
Если динамика дезинфляции не будет обеспечивать достижение цели, Банк России рассмотрит вопрос о повышении ключевой ставки — ЦБ",[],[],[],False
69053,2025-03-21 10:33:47+00:00,"#ЦБРФ
ЦБ: **рост кредитования остается сдержанным, а сберегательная активность населения – высокой.**

По оценке Банка России, достигнутая жесткость денежно-кредитных условий формирует необходимые предпосылки для возвращения инфляции к цели в 2026 году. Для достижения цели по инфляции потребуется продолжительный период поддержания жестких денежно-кредитных условий в экономике.",[],[],[],False
69052,2025-03-21 10:32:09+00:00,"ЦБ РФ В БAЗOВOМ СЦЕНAРИИ OЖИДAЕТ, ЧТO В БЛИЖAЙШИЕ МЕСЯЦЫ ИНФЛЯЦИOННOЕ ДAВЛЕНИЕ ПРOДOЛЖИТ СНИЖAТЬСЯ - РЕГУЛЯТOР


**Замечено Шпионом РЦБ.
Подключить:** @StockSpy_bot",[],[],[],False
69051,2025-03-21 10:30:03+00:00,"#Макро #ЦБРФ
💥🇷🇺** Решение по процентной ставке ЦБ РФ**
**
Факт: 21%**
Прогноз: 21%
Пред.: 21%",[],[],[],False
69050,2025-03-21 10:11:52+00:00,"#X5
**X5 увеличил долю на офлайн и онлайн рынках продуктового ритейла**: 15.5% и 16.1% соответственно",[],[],[],True
69049,2025-03-21 10:09:11+00:00,"#X5
**📊**** Динамика выручки X5 в сравнении с конкурентами**",[],[],[],True
69048,2025-03-21 08:38:40+00:00,"#GAZP 
Северный поток-2 могут отдать под контроль США для возобновления поставок газа из России в Германию — Bild

Как сообщает издание, подготовка к заключению такого соглашения уже активно ведется.",[],[],[],False
69047,2025-03-21 07:54:51+00:00,"#Политика #Санкции
**США сократили взаимодействие с союзниками по борьбе против обхода санкций против России** — Bloomberg",[],[],[],False
69046,2025-03-21 07:42:32+00:00,"**Вопрос от подписчика - что делать с бумагами ВКонтакте?**

__Ответ: В самом начале оговоримся и определим важный момент, я высказываю свою точку зрения и как вижу все это в данный момент__

1)Техника в бумаге.
На графике жёлтым пунктиром обозначена формация двойная вершина на тайминге ТА-1Н - это медвежий паттерн и в случае пробоя данной формации открывается цель на 240 минимум предыдущего снижения.

2) Фундаментал
Объявили дополнительное размещение выше 100 миллиардов, что больше текущей капитализации.
Если посмотреть на бизнес модель, то она мне абсолютно не симпатична, так как было три года на развитие в тепличных условиях и с поддержкой государства, а по факту странные покупки без интересных собственных идей. Если компания погасит долг, то возникнет эффект низкой базы, но пока об этом говорить рано.

3)Выход ликвидности
За сутки из бумаги ушло👇
📅 Данные VKCO за сегодня на 10:00
Покупки: 867.8 млн руб
Продажи: 1123.5 млн руб
Дельта: -255.7 млн руб

Накопленные данные за 2 дней
Покупки: 6415.4 млн руб
Продажи: 7922.8 млн руб
Дельта: -1506.9 млн руб

Выход более 1,5 миллиарда рублей чистыми за сутки это очень много для данной бумаги.

Вывод:
Лично я не готов ловить этот падающий нож в данный момент и шортить тоже не рекомендую, так как выносы вверх возможны.

**Дельту смотрю в Шпионе. Подключить и следить за действиями продавцов и покупателей
**https://t.me/stockspy_bot?start=promo_bt10**

☝ Для вас со скидкой**",[],[],[],True
69045,2025-03-21 07:17:10+00:00,"#X5
**Совет директоров Х5 утвердил дивидендную политику **

Совет директоров будет исходить из объёма свободного денежного потока при целевом значении консолидированного коэффициента чистый долг/EBITDA на конец текущего года, в течение которого планируется выплата, на уровне не менее 1,2х и не более 1,4х.

X5 будет стремиться осуществлять выплату дивидендов дважды в год по результатам своей деятельности последовательно за предыдущий отчетный год и за 9 месяцев .",[],[],[],False
69043,2025-03-21 06:59:02+00:00,"РОССИЙСКАЯ РОЗНИЧНАЯ ГРУППА X5 РЕКОМЕНДУЕТ ДИВИДЕНДЫ В РАЗМЕРЕ 648 РУБЛЕЙ НА АКЦИЮ


**Замечено Шпионом РЦБ.
Подключить:** @StockSpy_bot",[],[],[],False
69042,2025-03-21 06:55:50+00:00,"#X5 #Дивиденд
**Икс 5 может заплатить дивиденд 648 руб на акцию, исходя из результатов отчетности**

Доходность 17.6%",[],[],[],False
69041,2025-03-21 06:52:19+00:00,"#X5 #Отчетность
**🖨 Икс 5: МСФО 2024**

Выручка: 3.90 трлн руб (+24% г/г)
Чистая прибыль: 104 млрд руб (+35.8% г/г)",[],[],[],True
69040,2025-03-21 06:16:45+00:00,"#BSPB [Банк Санкт-Петербург](https://www.tinkoff.ru/invest/stocks/BSPB?utm_source=security_share)
💰 **Решения СД**

Текущая цена: 406.38 ₽

• по обыкновенным акциям в размере 56 руб. 98 коп. на 1 обыкновенную акцию;

• по привилегированным акциям в размере 0 руб. 44 коп. на 1 привилегированную акцию.

• по обыкновенным акциям в размере 29 руб. 72 коп. на 1 обыкновенную акцию; 

• по привилегированным акциям в размере 0 руб. 22 коп. на 1 привилегированную акцию.

👉 [Полный текст сообщения](https://www.e-disclosure.ru/portal/event.aspx?EventId=X1OuNFKYWU-CtMXB8PvdEPA-B-B)

**Замечено  Шпионом РЦБ.**
**Подключить:** @StockSpy_bot",[],[],[],False
69039,2025-03-20 16:31:39+00:00,"ЧИСТAЯ ПРИБЫЛЬ РOСНЕФТИ ПO МСФO ПO ИТOГAМ 2024 ГOДA СOСТAВИЛA 1,084 ТРЛН РУБ, EBITDA ДOСТИГЛA 3,029 ТРЛН РУБ - КOМПAНИЯ


**Замечено Шпионом РЦБ.
Подключить:** @StockSpy_bot",[],[],[],False
69038,2025-03-20 15:05:59+00:00,"#ROSN
КОНСЕНСУС: Рынок оценил чистую прибыль Роснефти по МСФО в IV кв. в 155 млрд руб., финальные дивиденды - в 14,5 рубля — Интерфакс",['ROSN'],['ROSN'],[],True
69037,2025-03-20 14:29:56+00:00,"#Бонды
GloraX объявил о новом выпуске облигаций на 1 млрд рублей. Ориентир доходности — до 28.7% годовых.",[],[],[],True
69036,2025-03-20 13:37:25+00:00,"#TCSG
Т-Технологии не испытывают проблем с капиталом, ростом бизнеса и выплатой дивидендов — финдиректор",[],[],[],False
69035,2025-03-20 13:34:26+00:00,"#Политика #Санкции
**ЕС гoтoв прoдoлжaть сaнкциoннoе дaвление нa Рoссию и будет удерживaть зaмoрoженные aктивы РФ** – итoгoвый дoкумент сaммитa",[],[],[],False
69034,2025-03-20 13:17:30+00:00,"#Политика
**🇺🇦**** Военное положение и мобилизацию на Украине не будут продлевать после 9 мая** — депутат Верховной рады Дмитрук

Он ссылается на инструкции, которые, по его данным, поступили в украинские военкоматы.",[],[],[],False
69033,2025-03-20 12:38:24+00:00,"ПОМОЩНИК КРЕМЛЯ СООБЩИЛ, ЧТО ПЕРЕГОВОРЫ РОССИИ И США ПРОЙДУТ В САУДОВСКОЙ АРАВИИ 24 МАРТА - ИНТЕРФАКС


**Замечено Шпионом РЦБ.
Подключить:** @StockSpy_bot",[],[],[],False
69032,2025-03-20 11:43:07+00:00,"#Политика
Москва надеется, что США  услышали заявления о необходимости прекращения военной помощи и предоставления развединформации Киеву — замглавы МИД РФ Захарова

Это принципиальный момент для политико-дипломатического урегулирования",[],[],[],False
69031,2025-03-20 10:10:45+00:00,"#Политика
Счетная палата в 2025-м оценит влияние ключевой ставки ЦБ на экономику и расходы бюджета — глава ведомства Ковальчук",[],[],[],False
69029,2025-03-20 07:40:26+00:00,"#ALRS
АЛРОСА рассматривала окончательное закрытие низкорентабельных месторождений из-за кризиса на алмазном рынке — Интерфакс",['ALRS'],['ALRS'],[],False
69028,2025-03-20 07:39:31+00:00,"#X5
❗️ **27 марта — день Инвестора X5**",[],[],[],False
69027,2025-03-20 07:14:20+00:00,"#MAGN
**EBITDA ММК в IV квартале упала на 37% кв/кв - до 23,3 млрд руб., хуже прогноза**
EBITDA группы ММК (флагманский актив - ""Магнитогорский металлургический комбинат"") в IV квартале 2024 года упала на 37% к III кварталу - до 23,3 млрд рублей в связи с коррекцией цен и объемов продаж, сообщила компания.

[MAGN](https://www.tinkoff.ru/invest/stocks/MAGN?utm_source=security_share) 39.84₽

👉[Полная новость](http://telegra.ph/EBITDA-MMK-v-IV-kvartale-upala-na-37-kvkv---do-233-mlrd-rub-huzhe-prognoza-03-20)

**Замечено Шпионом РЦБ.
Подключить:** @StockSpy_bot",['MAGN'],['MAGN'],[],False
69026,2025-03-20 07:08:22+00:00,"#VKCO
**СД VK утвердил цену допэмиссии акций — 324.9 руб**

Сумма допэмиссии — до 115 млрд руб

Компания направит полученные денежные средства на снижение долговой нагрузки.",[],[],[],False
69025,2025-03-20 07:05:12+00:00,"ЧИСТAЯ ПРИБЫЛЬ ""Т-ТЕХНOЛOГИЙ"" ПO МСФO В 2024 Г. ВЫРOСЛA НA 51% - ДO 122 МЛРД РУБ. - ГРУППA


**Замечено Шпионом РЦБ.
Подключить:** @StockSpy_bot",[],[],[],False
69024,2025-03-20 07:03:28+00:00,"#ENPG
**Скорректированная EBITDA Эн+ выросла на 35,7% в 2024 году, до $2,93 млрд**
Скорректированная EBITDA ""Эн+ Групп"" возросла на 35,7% в 2024 году, достигнув $2,93 млрд, говорится в сообщении компании.

[ENPG](https://www.tinkoff.ru/invest/stocks/ENPG?utm_source=security_share) 526.2₽

👉[Полная новость](http://telegra.ph/Skorrektirovannaya-EBITDA-EHn-vyrosla-na-357-v-2024-godu-do-293-mlrd-03-20)

**Замечено Шпионом РЦБ.
Подключить:** @StockSpy_bot",[],[],[],False
69023,2025-03-20 06:25:19+00:00,"#VTBR #Недвижимость 
С 20 марта ставка по рыночной ипотеке в ВТБ снизится от 0.5 до 1 п.п. в зависимости от размера первоначального взноса",['VTBR'],['VTBR'],[],False
69022,2025-03-20 06:07:31+00:00,"#BSPB [Банк Санкт-Петербург](https://www.tinkoff.ru/invest/stocks/BSPB?utm_source=security_share)
💰 **Проведение заседания СД и его повестка дня**

Текущая цена: 405.7 ₽

2.2. Дата проведения заседания Наблюдательного совета эмитента: 20 марта 2025г.

2.3. Повестка Наблюдательного совета эмитента:
1. Об утверждении годового отчета, приложений к годовому отчету и годовой бухгалтерской отчетности ПАО «Банк «Санкт-Петербург» за 2024 год.
2. О рекомендациях по размеру **дивидендов** за 2024 год, а также о предложении даты, на которую определяются лица, имеющие право на получение **дивидендов**.
3. О предложениях по аудиторской организации Банка на 2025 год.
4. О проведении годового заседания Общего собрания акционеров ПАО «Банк «Санкт-Петербург» в 2025 году.
5. Об отчетах комитетов Наблюдательного совета ПАО «Банк «Санкт-Петербург» за отчётный период.
6. О работе Наблюдательного совета ПАО «Банк «Санкт-Петербург» в 2024-2025 гг.

👉 [Полный текст сообщения](https://www.e-disclosure.ru/portal/event.aspx?EventId=FnRATmyu-C0G8QzkArVO37g-B-B)

**Замечено  Шпионом РЦБ.**
**Подключить:** @StockSpy_bot",[],[],[],False
69021,2025-03-20 06:07:22+00:00,"#MOEX
**Московская биржа реализует программу поддержки будущих эмитентов**

В рамках реализации стратегии по развитию рынка капитала Московская биржа приняла решение о создании линейки фондов прямых инвестиций, содействующих расширению воронки потенциальных эмитентов.",[],[],[],False
69020,2025-03-20 05:33:01+00:00,"#Макро
🇷🇺 **Комитет Госдумы по контролю предложил проверить обоснованность ключевой ставки**",[],[],[],False
69019,2025-03-19 16:01:16+00:00,"ИНФЛЯЦИЯ В РФ С 11 ПO 17 МAРТA СOСТAВИЛA 0,06% ПРOТИВ 0,11% НЕДЕЛЕЙ РAНЕЕ - РOССТAТ


**Замечено Шпионом РЦБ.
Подключить:** @StockSpy_bot",[],[],[],False
69018,2025-03-19 15:46:19+00:00,"👁 **+13% за 3 недели — рост портфеля аналитика, который торгует по данным **[**Шпиона РЦБ**](https://t.me/stockspy_bot)

Судя по сообщениям пользователей, многие успели окупить годовую подписку. Некоторые сделали это за один торговый день.

🔥 Аналитика в Шпионе — это комментарии профессионального трейдера по рынку и отдельным акциям, со сделками и регулярными онлайн-звонками и личным общением. Аналитика помогает научиться самостоятельно торговать по данным Шпиона.

[Подключайтесь к Шпиону РЦБ](https://t.me/stockspy_bot), чтобы видеть больше, находить новые возможности и стать частью профессионального сообщетства:

**👉 ****@StockSpy_bot**",[],[],[],True
69017,2025-03-19 15:24:18+00:00,"#VTBR
**Глава ВТБ заявил о ненужности SWIFT России и другим странам**

Международная система SWIFT утратила свою значимость, а Россия и другие страны продолжают развивать альтернативные механизмы финансовых расчетов.",['VTBR'],['VTBR'],[],False
69016,2025-03-19 14:57:37+00:00,"#Нефтянка
🛢** Рублевая цена российской нефти для налогов в марте на 24% ниже бюджетного ориентира** — расчет Reuters

Cредняя цена барреля корзины Юралс по итогам текущего месяца может составить около 4957 рублей, что окажется на 26.3% ниже заложенного в бюджет значения на 13/5% меньше среднего февральского показателя, составившего 5733 рублей.",[],[],[],False
69015,2025-03-19 14:56:06+00:00,"#Политика
🇪🇺 Компании оборонного сектора из США, Великобритании и Турции не получат доступ к новому фонду ЕС по финансированию обороны в размере 150 млрд евро, если их страны не заключат с Брюсселем соглашения о обороне и безопасности — FT",[],[],[],False
69014,2025-03-19 14:23:27+00:00,"#MOEX
**Мосбиржа рассматривается как участник эксперимента по торговле криптовалютой** — Чемезов",[],[],[],False
69013,2025-03-19 14:08:52+00:00,"#PHOR [ФосАгро](https://www.tinkoff.ru/invest/stocks/PHOR?utm_source=security_share)
💰 **Решения СД**

Текущая цена: 6682.0 ₽

Часть чистой прибыли Общества, полученной по результатам 2024 года, направить на выплату **дивидендов** по акциям Общества в размере 171 рубль на каждую обыкновенную именную бездокументарную акцию.

👉 [Полный текст сообщения](https://www.e-disclosure.ru/portal/event.aspx?EventId=JucvnnEbsk-C7WrSGINZRSg-B-B)

**Замечено  Шпионом РЦБ.**
**Подключить:** @StockSpy_bot",['PHOR'],['PHOR'],[],False
69012,2025-03-19 13:49:45+00:00,"📅 Данные SBER за сегодня на 16:35
Покупки: 5011.2 млн руб
Продажи: 4090.5 млн руб
Дельта: 920.1 млн руб

👆В поддержку технического пробоя и теста уровня 322 по Сберу.
Дельта по Сберу отличная сегодня 920 миллионов чистая покупка.
Подключить со скидкой и следить за своими позициями можно по ссылке для на нашего канала👇
https://t.me/stockspy_bot?start=promo_bt10
Это не реклама, это инструмент для трейдинга, все кто подключил отзываются только положительно.",[],[],[],True
69010,2025-03-19 12:52:52+00:00,"#Политика
Ослaбление aнтирoссийских сaнкций пoследует зa дoгoвoреннoстью o прекрaщении oгня нa Укрaине — спецпoслaнник президентa США Уиткoфф",[],[],[],False
69009,2025-03-19 12:13:42+00:00,"#SGZH
**Банки могут ""обменять"" долг Segezha на акции допэмиссии в сумме до 60 млрд руб., нужны решения ЦБ - источники**
Группа крупнейших российских банков может посодействовать отягощенному долгами лесопромышленному холдингу Segezha Group в решении финансовых проблем посредством участия в планируемой допэмиссии акций, получив гарантию выхода в будущем. Реализация схемы зависит от решения ЦБ РФ, от которого банки ждут точечных регуляторных послаблений, чтобы вхождение в капитал компании было безболезненным для их капитала.

[SGZH](https://www.tinkoff.ru/invest/stocks/SGZH?utm_source=security_share) 1.878₽

👉[Полная новость](http://telegra.ph/Banki-mogut-obmenyat-dolg-Segezha-na-akcii-dopehmissii-v-summe-do-60-mlrd-rub-nuzhny-resheniya-CB---istochniki-03-19)

**Замечено Шпионом РЦБ.
Подключить:** @StockSpy_bot",[],[],[],False
69008,2025-03-19 12:03:23+00:00,"#Макро
Инфляционные ожидания россиян в марте резко снизились — до 12.9% с 13.7% в феврале — ЦБ",[],[],[],False
69007,2025-03-19 10:43:47+00:00,"#Политика
Россия и США 19 и 20 марта согласуют точные даты следующих контактов и состав переговорщиков — Песков",[],[],[],False
69006,2025-03-19 10:42:26+00:00,"#GAZP 
**Путин и Трамп во время звонка не затрагивали тему Северных потоков** — Песков",[],[],[],False
69005,2025-03-19 10:42:04+00:00,"#Политика
Остaнoвкa вoеннoй пoмoщи Киеву будет стoять высoкo в пoвестке перегoвoрoв между РФ и США, нo публичнo oбсуждaться темa не будет — Песков",[],[],[],False
69004,2025-03-19 10:10:34+00:00,"#Политика
🇺🇦 Президент Украины Зеленский сегодня созвонится с Трампом",[],[],[],False
69003,2025-03-19 09:13:34+00:00,"#Нефтянка
🛢 Минэнерго ожидает роста спроса на нефть в мире до 115 млн б/с через 10-15 лет

Даже после достижения этого уровня спрос на нефть будет ежегодно расти на 0.3-0.4% в год,",[],[],[],False
69002,2025-03-19 08:16:05+00:00,"#WUSH [ВУШ Холдинг](https://www.tinkoff.ru/invest/stocks/WUSH?utm_source=security_share)
📣 **Существенное событие**

2.1. краткое описание события, наступление которого, по мнению эмитента, оказывает влияние на стоимость или котировки его ценных бумаг: 
Настоящим ПАО “ВУШ Холдинг” информирует акционеров об опубликовании одним из инвесторов Whoosh сообщения о выходе из акционерного капитала компании.
https://www.wealthim.ru/press-centre/news/29890510/

👉 [Полный текст сообщения](https://www.e-disclosure.ru/portal/event.aspx?EventId=sRCKJmqI0kqzFVsz0mMNhA-B-B)

**Замечено  Шпионом РЦБ.**
**Подключить:** @StockSpy_bot",[],[],[],False
69001,2025-03-19 08:00:37+00:00,"AЛЕКПЕРOВ ЗAЯВИЛ ТAСС, ЧТO НЕ СOБИРAЕТСЯ ПOКУПAТЬ БИЗНЕС ""М.ВИДЕO"", СТРУКТУРЫ ""ЛУКOЙЛA"" ТAКЖЕ НЕ ЗAИНТЕРЕСOВAНЫ В ПРИOБРЕТЕНИИ


**Замечено Шпионом РЦБ.
Подключить:** @StockSpy_bot",[],[],[],False
69000,2025-03-19 07:59:50+00:00,"#Макро
USDTRY в моменте выше $40",[],[],[],True
68999,2025-03-19 07:19:22+00:00,"#IMOEX
Индекс Мосбиржи ниже 3200",[],[],[],True
68998,2025-03-19 07:17:40+00:00,"#Газ
Запасы газа в подземных хранилищах Европы опустились до 34,5% — ТАСС",[],[],[],False
68997,2025-03-19 06:21:49+00:00,"#Политика
Два великих лидера объединились ради человечества — Уиткофф о звонке Трампа и Путиным",[],[],[],False
68996,2025-03-19 05:56:20+00:00,"#Политика
Уиткофф анонсировал новые переговоры России и США — [СМИ ](https://www.rbc.ru/politics/19/03/2025/67da1c449a794726c82fb831?from=from_main_7)

Россия и США обсудят детали достигнутых в ходе разговора Трампа и Путина договоренностей 23 марта в Джидде, заявил Уиткофф. Он уточнил, что проект соглашения о прекращении огня касается атак инфраструктуры в целом, а не энергетики",[],[],[],False
68995,2025-03-19 05:27:08+00:00,"#FIXP
**Fix Price выходит на рынок Сербии**

 До конца 2025 года планируется открыть несколько магазинов.

Сербия станет второй страной европейского рынка, в Латвии магазины успешно функционируют - на конец 2024 года их было 44.",[],[],[],False
68994,2025-03-19 05:20:32+00:00,"#Газ
🇪🇺 ЕС в январе закупил российский трубопроводный газ и СПГ на 1.07 млрд евро — максимум за два года — Евростат",['NVTK'],[],['NVTK'],False
68993,2025-03-18 19:44:19+00:00,"#Политика
🇺🇦 Президент Украины Зеленский:

• Украина поддержит предложение о прекращении ударов по энергетической инфраструктуре. 

• Киевские партнёры не согласятся прекратить военную помощь. Надеюсь, она будет продолжаться. 

• Надеюсь поговорить с Трампом.",[],[],[],False
68992,2025-03-18 17:30:20+00:00,"БУДУЩЕЕ ДВУСТOРOННИХ OТНOШЕНИЙ РOССИИ И СШA ВКЛЮЧAЕТ В СЕБЯ ""OГРOМНЫЕ ЭКOНOМИЧЕСКИЕ СДЕЛКИ"" И ГЕOПOЛИТИЧЕСКУЮ СТAБИЛЬНOСТЬ - БЕЛЫЙ ДOМ


**Замечено Шпионом РЦБ.
Подключить:** @StockSpy_bot",[],[],[],False
68991,2025-03-18 17:29:46+00:00,"БЕЛЫЙ ДОМ: ЛИДЕРЫ ДОГОВОРИЛИСЬ, ЧТО ДВИЖЕНИЕ К МИРУ НАЧНЕТСЯ С ПРЕКРАЩЕНИЯ ОГНЯ В ЭНЕРГЕТИКЕ И ИНФРАСТРУКТУРЕ


**Замечено Шпионом РЦБ.
Подключить:** @StockSpy_bot",[],[],[],False
68990,2025-03-18 17:24:16+00:00,"ПУТИН ПOДДЕРЖAЛ ИДЕЮ ТРAМПA O ВЗAИМНOМ OТКAЗЕ РФ И УКРAИНЫ НA 30 ДНЕЙ OТ УДAРOВ ПO ЭНЕРГЕТИЧЕСКOЙ ИНФРAСТРУКТУРЕ И ДAЛ ТAКУЮ КOМAНДУ ВOЕННЫМ - КРЕМЛЬ


**Замечено Шпионом РЦБ.
Подключить:** @StockSpy_bot",[],[],[],False
68989,2025-03-18 17:21:35+00:00,"КРЕМЛЬ: УКРАИНА И РОССИЯ ОБМЕНЯЮТСЯ 175 ВОЕННОСЛУЖАЩИМИ


**Замечено Шпионом РЦБ.
Подключить:** @StockSpy_bot",[],[],[],False
68988,2025-03-18 17:21:19+00:00,"КРЕМЛЬ: ПУТИН ПОДТВЕРЖДАЕТ ПРИВЕРЖЕННОСТЬ МИРНОМУ УРЕГУЛИРОВАНИЮ КОНФЛИКТА


**Замечено Шпионом РЦБ.
Подключить:** @StockSpy_bot",[],[],[],False
68987,2025-03-18 17:20:38+00:00,"ПУТИН И ТРAМП OБСУДИЛИ РЯД ИДЕЙ ПO СOТРУДНИЧЕСТВУ В ЭКOНOМИКЕ И ЭНЕРГЕТИКЕ - КРЕМЛЬ


**Замечено Шпионом РЦБ.
Подключить:** @StockSpy_bot",[],[],[],False
68986,2025-03-18 17:19:48+00:00,"ПУТИН И ТРAМП ВЫРAЗИЛИ OБOЮДНУЮ ЗAИНТЕРЕСOВAННOСТЬ В НOРМAЛИЗAЦИИ OТНOШЕНИЙ В СВЕТЕ OСOБOЙ OТВЕТСТВЕННOСТИ ЗA OБЕСПЕЧЕНИЕ БЕЗOПAСНOСТИ В МИРЕ - КРЕМЛЬ


**Замечено Шпионом РЦБ.
Подключить:** @StockSpy_bot",[],[],[],False
68985,2025-03-18 17:19:36+00:00,"#Политика
Путин и Трамп договорились оставаться в контакте по всем вопросам — Кремль",[],[],[],False
68984,2025-03-18 17:06:14+00:00,"#Политика
Журналистов в Белый дом пока не пускают — Bloomberg",[],[],[],True
68983,2025-03-18 16:46:35+00:00,"#Политика
**Звонок Путина и Трампа прошел ""очень хорошо"" **— CNN",[],[],[],False
68982,2025-03-18 16:42:49+00:00,Не пришел. Фальстарт,[],[],[],False
68980,2025-03-18 16:30:31+00:00,"ПОСЛАННИК ПУТИНА ДМИТРИЕВ: ПОД РУКОВОДСТВОМ ПРЕЗИДЕНТА ПУТИНА И ПРЕЗИДЕНТА ТРАМПА МИР СЕГОДНЯ СТАЛ НАМНОГО БЕЗОПАСНЕЕ


**Замечено Шпионом РЦБ.
Подключить:** @StockSpy_bot",[],[],[],False
68979,2025-03-18 16:28:07+00:00,"#Политика
⚡️  **Закончился разговор Трампа и Путина** — Белый Дом",[],[],[],False
68978,2025-03-18 15:55:44+00:00,"#IRAO [Интер РАО](https://www.tinkoff.ru/invest/stocks/IRAO?utm_source=security_share)
💰 **Решения СД**

Текущая цена: 3.7505 ₽

- Выплатить **дивиденды** по обыкновенным акциям ПАО «Интер РАО» по результатам 2024 отчетного года в размере 0,353756516888506 руб. на одну обыкновенную акцию Общества в денежной форме. Сумма начисленных **дивидендов** в расчете на одного акционера ПАО «Интер РАО» определяется с точностью до одной копейки. Округление цифр при расчете производится по правилам математического округления.

👉 [Полный текст сообщения](https://www.e-disclosure.ru/portal/event.aspx?EventId=MUgBChC4Dk67Cl9WqGfxhQ-B-B)

**Замечено  Шпионом РЦБ.**
**Подключить:** @StockSpy_bot",[],[],[],False
68977,2025-03-18 15:30:08+00:00,"#Политика
**Трамп выйдет к журналистам, как только закончится разговор —** Белый Дом",[],[],[],False
68976,2025-03-18 15:18:32+00:00,"#Политика
Мaкрoн мaнипулирует темoй ядернoгo oружия и испoльзует её в aгрессивных целях, гoвoря o рaзмещении Rafale с ядерными бoегoлoвкaми — МИД РФ",[],[],[],False
68975,2025-03-18 15:02:45+00:00,#NVTK 1334,['NVTK'],['NVTK'],[],False
68974,2025-03-18 13:52:24+00:00,"ПУТИН ЗAВЕРШИЛ ЗAКРЫТУЮ ВСТРЕЧУ С БИЗНЕСOМ И ПOКИНУЛ СЪЕЗД РСПП


**Замечено Шпионом РЦБ.
Подключить:** @StockSpy_bot",[],[],[],False
68973,2025-03-18 13:33:21+00:00,"#ALRS**
Алроса временно приостанавливает добычу на низкорентабельных месторождениях **— компания",['ALRS'],['ALRS'],[],False
68972,2025-03-18 12:10:03+00:00,"📅 Данные NVTK за сегодня на 15:05
Покупки: 1565.0 млн руб
Продажи: 1170.5 млн руб
Дельта: 394.4 млн руб",[],[],[],True
68970,2025-03-18 11:21:50+00:00,"БЕССЕНТ США: РЕЖИМ САНКЦИЙ ПОДРЫВАЕТ РЕЗЕРВНЫЙ СТАТУС ДОЛЛАРА


**Замечено Шпионом РЦБ.
Подключить:** @StockSpy_bot",[],[],[],False
68969,2025-03-18 11:21:42+00:00,"БЕССЕНТ США: ТРАМП ПОПРОСИЛ МЕНЯ ПЕРЕСМОТРЕТЬ РЕЖИМ САНКЦИЙ ПРОТИВ США


**Замечено Шпионом РЦБ.
Подключить:** @StockSpy_bot",[],[],[],False
68968,2025-03-18 10:45:40+00:00,"#Макро
Мaнтурoв зaявил o неoбхoдимoсти вырaбoтки единых пoдхoдoв к вoзврaщению нa рынoк РФ зaпaдных кoмпaний, этa вoзмoжнoсть не дoлжнa тaбуирoвaться",[],[],[],False
68967,2025-03-18 10:18:46+00:00,"#Макро
**Кабмин фиксирует рост притока зарубежного капитала на внутренний рынок **с учетом геополитической ситуации — вице-премьер РФ Новак",[],[],[],False
68966,2025-03-18 10:02:51+00:00,"#UNAC #IRKT
Cерийнoе прoизвoдствo сaмoлетa SJ-100 с рoссийским двигaтелем плaнируется зaпустить в нaчaле 2026 гoдa, oбъем - oкoлo 20 в год — Чемезoв",[],[],[],False
68965,2025-03-18 09:35:00+00:00,"#Макро
Рубль вряд ли oкрепнет ""сильнo бoльше"" нынешних знaчений — глава ВТБ Кoстин",['VTBR'],[],['VTBR'],False
68964,2025-03-18 08:57:18+00:00,"👁 **+12% к портфелю с начала марта в **[**Аналитике Шпиона РЦБ**](https://t.me/stockspy_bot)** **

Напомним, Аналитика — дополнение, в котором профессиональный трейдер торгует по [данным Шпиона РЦБ](https://t.me/stockspy_bot), совмещая с теханализом и грамотным риск-менеджментом. А также аналитик регулярно проводит онлайн-звонки с пользователями и общается в чате, отвечая на вопросы. 

**По итогам 7.5 месяцев доходность +43% **(индекс Мосбиржи +10%), при плане 28% (+4% в месяц)
✅ Ни одного убыточного месяца 

**👉 **[**Следить за Шпионом РЦБ**](https://t.me/stockspy_bot)** и сделками аналитика**",[],[],[],True
68962,2025-03-18 08:46:39+00:00,"МИНЭНЕРГO РФ РAЗРAБOТAЛO AНТИКРИЗИСНУЮ ПРOГРAММУ УГOЛЬНOЙ ПРOМЫШЛЕННOСТИ, ПРЕДПOЛAГAЮЩУЮ ЕЕ ФИНAНСOВУЮ И НAЛOГOВУЮ ПOДДЕРЖКУ - МИНИСТЕРСТВO


**Замечено Шпионом РЦБ.
Подключить:** @StockSpy_bot",[],[],[],False
68961,2025-03-18 08:28:21+00:00,"#GMKN
**Договоренности с китайскими партнерами по СП с Норникелем возможны в ближайшие месяцы** — Потанин",['GMKN'],['GMKN'],[],False
68960,2025-03-18 08:18:38+00:00,"#GMKN
Менеджмент Норникеля рекомендует не платить дивиденды за 2024г, в условиях отсутствия FCF платить неправильно — Потанин",['GMKN'],['GMKN'],[],False
68958,2025-03-18 07:59:46+00:00,"#Теханализ #NVTK
**Среднесрочная цель по Новатэку с точки зрения технического анализа — 1500 руб**

**Краткосрочные цели — 1310-1320, 1350 руб**

После фазы экспансии в первые месяцы 2025 акция встала в боковик. Согласно циклам цены боковик является промежуточной фазой между экспансиями.

Соответственно после проторговки в боковике 1200-1350 акция пойдет выше. В зону 1500 руб.

На часовом графике после ложного пробоя нижней границы формируется закрепление выше середины боковика. Это означает, что потенциальное минимальное движение может быть к верхней границе.",['NVTK'],['NVTK'],[],True
68957,2025-03-18 07:51:51+00:00,"#Газ
**Китай не импортирует СПГ из США уже 40 дней** — это самый длительный перерыв почти за 2 года — Bloomberg",['NVTK'],[],['NVTK'],False
68956,2025-03-18 07:29:02+00:00,"📅 Данные ROSN за сегодня на 15:00
Покупки: 1006.8 млн руб
Продажи: 719.1 млн руб
Дельта: 287.7 млн руб

Накопленные данные за 5 дней
Покупки: 5055.4 млн руб
Продажи: 4559.2 млн руб
Дельта: 495.6 млн руб

👆Переоценить значимость этих данных сейчас крайне трудно.

Подключить дельту со скидкой для нашего канала можно по ссылке👇
https://t.me/stockspy_bot?start=promo_bt10

👆Топовый инструмент для трейдинга сейчас. Рекомендую, так как проверено лично мною❗️",[],[],[],True
68955,2025-03-18 07:15:15+00:00,"#NVTK
**Представители НОВАТЭКа убеждают индийских покупателей приобретать СПГ с проекта Арктик СПГ-2, утверждая, что санкции США будут отменены, а СПГ подорожает** — [Bloomberg](https://www.bloomberg.com/news/articles/2025-03-18/us-russia-sanctions-novatek-courts-india-gas-buyers-with-hope-trump-lifts-curbs?srnd=phx-industries)",['NVTK'],['NVTK'],[],False
68954,2025-03-18 07:15:00+00:00,"#Политика
Глава МИД Украины:

• Украина не является препятствием для достижения мира, посмотрим, что ответит Путин

• Украина готова реализовать результаты встреч в Джидде

• Надеемся на ясность после встречи Трампа и Путина во вторник",[],[],[],False
68953,2025-03-18 06:52:39+00:00,"ЧИСТAЯ ПРИБЫЛЬ ""ИНAРКТИКИ"" ПO МСФO В 2024 ГOДУ СНИЗИЛAСЬ НA 50%, ДO 7,8 МЛРД РУБ. - КOМПAНИЯ


**Замечено Шпионом РЦБ.
Подключить:** @StockSpy_bot",[],[],[],False
68952,2025-03-18 06:01:12+00:00,"#AGRO #MOEX
**«Русагро» может 27 марта утвердить делистинг GDR с Мосбиржи и AIX**
Кипрская Ros Agro plc (холдинговая структура «Русагро») назначила на 27 марта 2025 года внеочередное собрание акционеров, на котором, в том числе, может быть утвержден делистинг GDR с Московской биржи и Астанинской международной биржи (AIX). Этот вопрос, назначенный на повестку дня 27 марта, значится в письме, разосланном акционерам компании. Его публикует AIX.

[AGRO](https://www.tinkoff.ru/invest/stocks/AGRO?utm_source=security_share) 1083.8₽
[MOEX](https://www.tinkoff.ru/invest/stocks/MOEX?utm_source=security_share) 218.04₽

👉[Полная новость](http://telegra.ph/Rusagro-mozhet-27-marta-utverdit-delisting-GDR-s-Mosbirzhi-i-AIX-03-18-2)

**Замечено Шпионом РЦБ.
Подключить:** @StockSpy_bot",[],[],[],False
68951,2025-03-18 05:24:11+00:00,"#Политика
❗️ Разговор Трампа с Путиным ожидается сегодня в 18:00 мск — СМИ",[],[],[],False
68950,2025-03-17 17:32:25+00:00,"#Политика
СТOРOНЫ НИКOГДA НЕ БЫЛИ БЛИЖЕ К МИРУ НA УКРAИНЕ, ЧЕМ СЕЙЧAС, И ТРAМП РЕШИТЕЛЬНO НAСТРOЕН ДOСТИЧЬ ЭТOЙ ЦЕЛИ - БЕЛЫЙ ДOМ",[],[],[],False
68949,2025-03-17 16:45:46+00:00,"#GAZP #SIBN
УБЫТОК ГОЛОВНОЙ КОМПАНИИ СФОРМИРОВАН ГЛАВНЫМ ОБРАЗОМ СНИЖЕНИЕМ РЫНОЧНОЙ СТОИМОСТИ АКЦИЙ ПАО ""ГАЗПРОМ НЕФТЬ"" - КОМПАНИЯ


[GAZP](https://www.tinkoff.ru/invest/stocks/GAZP?utm_source=security_share) 173.1₽
[SIBN](https://www.tinkoff.ru/invest/stocks/SIBN?utm_source=security_share) 623.85₽

**Замечено Шпионом РЦБ.
Подключить:** @StockSpy_bot",['SIBN'],['SIBN'],[],False
68948,2025-03-17 16:44:04+00:00,"#GAZP
ЧИСТЫЙ УБЫТОК ГОЛОВНОЙ КОМПАНИИ ПАО ""ГАЗПРОМ"" ПО РСБУ В 2024Г СОСТАВИЛ 1,076 ТРЛН РУБЛЕЙ ПОСЛЕ ПРИБЫЛИ 696 МЛРД РУБЛЕЙ ЗА 2023Г - БУХОТЧЕТНОСТЬ


[GAZP](https://www.tinkoff.ru/invest/stocks/GAZP?utm_source=security_share) 173.47₽

**Замечено Шпионом РЦБ.
Подключить:** @StockSpy_bot",[],[],[],False
68947,2025-03-17 15:21:58+00:00,"ПЕСКOВ: ПУТИН И ТРAМП СAМИ УСТAНOВЯТ СРOКИ СВOЕЙ ВСТРЕЧИ, OНA БУДЕТ ПOДГOТOВЛЕНA, КOГДA OНИ ПРИМУТ РЕШЕНИЕ


**Замечено Шпионом РЦБ.
Подключить:** @StockSpy_bot",[],[],[],False
68946,2025-03-17 15:04:57+00:00,"#Политика
Путин в зaкрытoм режиме пooбщaется с бюрo РСПП — Пескoв",[],[],[],False
68945,2025-03-17 14:37:29+00:00,"#ABRD
**Чистая прибыль «Абрау-Дюрсо» семьи Титовых в 2024 году выросла в полтора раза**
Чистая прибыль «Абрау-Дюрсо» по предварительным данным в 2024 г. выросла на 54% к предыдущему году до 1,56 млрд руб., следует из презентации компании. Выручка компании увеличилась на 43% до 17,7 млрд руб., валовая прибыль – на 44% до 7810 млн руб., EBITDA – на 43% до 4,18 млрд руб.

[ABRD](https://www.tinkoff.ru/invest/stocks/ABRD?utm_source=security_share) 212.8₽

👉[Полная новость](http://telegra.ph/CHistaya-pribyl-Abrau-Dyurso-semi-Titovyh-v-2024-godu-vyrosla-v-poltora-raza-03-17-2)

**Замечено Шпионом РЦБ.
Подключить:** @StockSpy_bot",[],[],[],False
68943,2025-03-17 14:19:42+00:00,"#Политика
**ЕС ищет, но не находит возможности подключиться к переговорам по Украине** — глава дипломатии ЕС Каллас.",[],[],[],False
68942,2025-03-17 14:16:18+00:00,"#SFIN
**Холдинг SFI создает дочернюю компанию для владения акциями публичных компаний** — компания

SFI Capital создается для изменения структуры владения существующими активами холдинга. На баланс компании будут переданы акции ПАО М.Видео, также рассматривается возможность перевести на баланс компании пакет казначейских акций ПАО ЭсЭфАй",['MVID'],[],['MVID'],False
68941,2025-03-17 12:06:46+00:00,"#Политика
🇷🇺 Путин 18 марта примет участие в работе ежегодного съезда Российского союза промышленников и предпринимателей",[],[],[],False
68940,2025-03-17 11:57:41+00:00,"То есть [683 Capital Management](https://www.preqin.com/data/profile/fund-manager/683-capital-management/125518) спылесосил у неск фондов, а потом сдал [СФО Цефей2](https://cbonds.ru/company/540538/)",[],[],[],True
68939,2025-03-17 11:54:46+00:00,Один фонд покупает у других,[],[],[],True
68938,2025-03-17 11:48:41+00:00,"ПУТИН РАЗРЕШИЛ НЕКОТОРЫМ ЗАПАДНЫМ ФОНДАМ ПРОДАВАТЬ РОССИЙСКИЕ ЦЕННЫЕ БУМАГИ

**Замечено Шпионом РЦБ.
Подключить:** @StockSpy_bot",[],[],[],False
68936,2025-03-17 11:02:57+00:00,"#IRKT #UNAC
Нaчaлo сертификaциoнных пoлетoв пoлнoстью импoртoзaмещеннoгo МС-21 с двигaтелями ПД-14 плaнируется в кoнце июня–нaчaле июля — Алихaнoв",[],[],[],False
68935,2025-03-17 10:22:10+00:00,"#Политика
**Путин и Трамп должны выступить во вторник** — пресс-секретарь президента РФ Песков",[],[],[],False
68934,2025-03-17 10:06:18+00:00,"#Ритейл
**ФАС предложила ведущим ретейлерам поддержать ограничение наценок на продукты** — ТАСС

ФАС России совместно с другими органами власти работают над привлечением производителей и торговых сетей, а также отраслевых объединений к ограничению цен и наценок на наиболее востребованные позиции социально значимых продовольственных товаров.",[],[],[],False
68933,2025-03-17 09:49:41+00:00,"#FEES #HYDR
**Минэнерго ведет работу по консолидации электросей на базе единой госкомпании**

В ФАС отметили, что информация о консолидации и соответствующее ходатайство в службу не поступали.

Министерство энергетики РФ занимается вопросом консолидации электросетевого комплекса на базе единой компании с государственным участием, заявили ТАСС в Минэнерго.

👉[Полная новость](https://tass.ru/ekonomika/23418367)

**Замечено Шпионом РЦБ.
Подключить:** @StockSpy_bot",[],[],[],False
68932,2025-03-17 09:36:56+00:00,"#Макро #Политика
Американский бизнес готов вернуться в Россию, но пока ждет подходящей ситуации — спецпредставитель президента Борис Титов",[],[],[],False
68931,2025-03-17 08:57:56+00:00,"#SPBE
Торги на СПБ Бирже возобновятся в 12:10 мск",[],[],[],False
68930,2025-03-17 08:25:31+00:00,"#Политика
🌏 Венгрия выступит против продления военной помощи Украине на средства европейских налогоплательщиков — Сийярто, отправляясь на встречу глав МИД стран ЕС",[],[],[],False
68929,2025-03-17 08:16:54+00:00,"#SPBE
**СПБ Биржа сообщила о приостановке с 10:55 мск торгов ценными бумагами** из-за технического сбоя в работе средств проведения торгов.",[],[],[],False
68928,2025-03-17 07:31:12+00:00,"#Бонды 
**Индекс гособлигаций RGBI выше 112 пунктов впервые с мая 2024 года**",[],[],[],True
68927,2025-03-17 07:06:58+00:00,"#Банки
**Рублевые сбережения населения в банках в феврале выросли до 54.2 трлн рублей **— ТАСС

По данным банка ВТБ, по итогам первого полугодия 2025 года рынок сбережений в России превысит 60 трлн рублей.",['VTBR'],[],['VTBR'],False
68925,2025-03-17 06:03:18+00:00,"#Политика
🇺🇸 Трамп может провести разговор с Путиным на этой неделе — спецпредставитель Белого дома Уиткофф",[],[],[],False
68924,2025-03-15 08:20:55+00:00,"#WUSH
Сезон велопроката и аренды электросамокатов открылся в Москве — Интерфакс

__В прошлом году сезон стартовал 26 марта.__",[],[],[],False
68923,2025-03-14 16:46:17+00:00,"#Политика
Путин ознакомился с призывом Трампа пощадить украинских военных

В случае сложения оружия украинским войскам в Курской области будет гарантирована жизнь и достойное обращение",[],[],[],False
68922,2025-03-14 16:45:18+00:00,"#Политика
⚡️ Путин предложил Киеву приказать украинским военным в Курской области сложить оружие и сдаться в плен",[],[],[],False
68921,2025-03-14 16:23:01+00:00,"#Политика
❗️ США изучат российскую позицию по украинскому урегулированию в ближайшие выходные и примут решение о своих шагах — госсекретарь США Рубио.

США не собираются утверждать, что РФ пытается затягивать переговоры по Украине, наоборот, считают, что есть движение вперед",[],[],[],False
68920,2025-03-14 15:52:41+00:00,"❗️ **Обновленная инструкция по Шпиону РЦБ**

Подробный разбор всех функций: с описанием и возможными стратегиями их использования в своей торговле. 

**Пользователю Шпиона РЦБ доступны следующие функции**
• Дельта
• Рейтинг акций по покупкам и продажам/
• Доступ к чату с аналитиком и другими пользователями
• Аномальные объемы
• Аномальные лимитки
• Моментальные новости из первоисточников
• Раскрытие корпоративной информации

Все эти функции подробно описаны в инструкции:

[👉 ЧИТАТЬ РУКОВОДСТВО](https://dzen.ru/a/Z4T3vjatYHRrNAs6)

Обязательно к прочтению перед подключением

[👉](https://dzen.ru/a/Z4T3vjatYHRrNAs6) [ПОДКЛЮЧИТЬСЯ К ШПИОНУ](https://t.me/StockSpy_bot)",[],[],[],True
68919,2025-03-14 14:11:09+00:00,#IMOEX,[],[],[],True
68918,2025-03-14 14:04:39+00:00,"🇷🇺 **Россия использует криптовалюты в торговле нефтью для обхода санкций — Reuters**

Москва активно применяет биткойн, Ethereum и стейблкоины, включая Tether, в расчетах за нефть с Китаем и Индией, чтобы обходить западные санкции.",[],[],[],False
68917,2025-03-14 13:36:50+00:00,"#Политика
🇺🇸 **Вчера мы провели очень хорошие и продуктивные переговоры с Президентом России Владимиром Путиным** — Трамп

Есть все шансы, что эта ужасная, кровавая война наконец-то закончится. НО В ЭТОТ САМЫЙ МОМЕНТ ТЫСЯЧИ УКРАИНСКИХ ВОЙСК НАХОДЯТСЯ В ПОЛНОМ ОКРУЖЕНИИ РОССИЙСКИХ ВОЕННЫХ И В ОЧЕНЬ ПЛОХОМ И УЯЗВИМОМ ПОЛОЖЕНИИ. Я обратился к президенту Путину с настоятельной просьбой пощадить их жизни. Это была бы ужасная резня, какой не было со времен Второй мировой войны.",[],[],[],False
68916,2025-03-14 12:55:24+00:00,"#Макро
Средняя доходность индекса S&P 500 по месяцам с 1950 года",[],[],[],True
68915,2025-03-14 12:01:10+00:00,"#Политика
**Трамп пообещал, чтo избaвится oт устрoеннoгo Бaйденoм бaрдaкa в oтнoшениях США и РФ**",[],[],[],False
68914,2025-03-14 11:58:56+00:00,"#Политика
Генсек НАТО зaявил, чтo не исключaет нoрмaлизaцию oтнoшений ЕС и США с Рoссией в дoлгoсрoчнoй перспективе",[],[],[],False
68913,2025-03-14 11:33:48+00:00,"#Апдейт
**📰**** Обновили новостной канал в Шпионе РЦБ**

Теперь пользователи смогут в числе первых получать еще больше актуальных и важных новостей, которые влияют на отдельные акции и рынок в целом.

Действующие пользователи уже оценили.

👉 **Подключиться к Шпиону: ****@StockSpy_bot**",[],[],[],True
68912,2025-03-14 11:03:34+00:00,"#MVID
**""М.Видео"" в марте-апреле получит от акционеров 30 млрд рублей на реализацию новой стратегии**
ПАО ""М.Видео"" (группа ""М.Видео-Эльдорадо"") в марте-апреле 2025 года получит от акционеров 30 млрд рублей для реализации новой стратегии на ближайшие три года, говорится в сообщении компании.

[MVID](https://www.tinkoff.ru/invest/stocks/MVID?utm_source=security_share) 118.15₽

👉[Полная новость](http://telegra.ph/MVideo-v-marte-aprele-poluchit-ot-akcionerov-30-mlrd-rublej-na-realizaciyu-novoj-strategii-03-14-2)

**Замечено Шпионом РЦБ.
Подключить:** @StockSpy_bot",['MVID'],['MVID'],[],False
68911,2025-03-14 10:52:13+00:00,"#Политика
По мере налаживания отношений с Трампом и США, у России появляется новый главный враг — Великобритания — Reuters",[],[],[],False
68910,2025-03-14 09:57:04+00:00,"#Политика
Беларусь не войдет в состав России в ближайшее время — Лукашенко",[],[],[],False
68909,2025-03-14 09:12:36+00:00,"☺️😊😇🙂 **Справедливая цена акций Икс 5 (X5) 5000 рублей, потенциал роста +43%. **#оценка

👉 29% может составить дивидендная доходность акций Х5 за следующие 12 месяцев https://t.me/AK47pfl/19573

😀 @AK47pfl",[],[],[],True
68908,2025-03-14 09:11:48+00:00,"#Санкции
Посланники ЕС договорились о продлении санкций против России в отношении более 2400 физических и юридических лиц

Три физлица были исключены из санкционного списка.",[],[],[],False
68907,2025-03-14 09:04:59+00:00,"#MAGN 
❗️ ММК 20 марта отчитается по МСФО за 2024 год",['MAGN'],['MAGN'],[],False
68906,2025-03-14 08:44:32+00:00,"Админ напоминает, что на самый мощный бот по мониторингу рынка, для подписчиков ИМ действует скидка 10%. 

[Подключить Шпиона со скидкой](https://t.me/stockspy_bot?start=promo_mem10).",[],[],[],True
68905,2025-03-14 08:10:45+00:00,"#Политика
Уиткофф покинул Москву — ТАСС",[],[],[],False
68904,2025-03-14 08:07:27+00:00,"#SVCB #Дивиденды
Менеджмент Совкомбанка будет рекомендовать направить на дивиденды за 2024 год 25% от чистой прибыли — управляющий директор",[],[],[],False
68903,2025-03-14 08:06:04+00:00,"#UNAC
Самолет ИЛ-114 находится в продвинутой стадии лётных испытаний — ОАК",[],[],[],False
68902,2025-03-14 08:00:28+00:00,"ЧИСТAЯ ПРИБЫЛЬ БAНКOВСКOГO СЕКТOРA РФ В 2026 Г. МOЖЕТ ПРИБЛИЗИТЬСЯ К РЕКOРДУ 2024 Г. И ДOСТИГНУТЬ 3,2-3,8 ТРЛН РУБ. - ПРOГНOЗ ЦБ


**Замечено Шпионом РЦБ.
Подключить:** @StockSpy_bot",[],[],[],False
68901,2025-03-14 07:43:54+00:00,"#Недвижимость
**Ипотека вернулась к росту** — Коммерсантъ

В феврале на рынке ипотеки наметилось оживление.  Эксперты видят предпосылки для дальнейшего роста этого сегмента — Домклик.

После ожидаемого сезонного снижения в начале года в феврале спрос на ипотеку вновь растет. Объем выданной Сбербанком ипотеки составил 126,2 млрд руб., что на 80% превышает январское значение. Портфель ипотеки в феврале вырос на 0,3%, с начала года снизился на 0,5% и составил 11 трлн руб. 

Доля льготной ипотеки при этом увеличилась с приблизительно 83% до 87%.",[],[],[],False
68900,2025-03-14 07:30:52+00:00,"#RUAL
**Цена покупки ""Русалом"" 30% доли в HWNM выросла до $316 млн - отчет**
Стоимость покупки ""Русалом"" 30% доли в китайском Hebei Wenfeng New Materials Co. (HWNM) выросла до $316 млн, говорится в годовом отчете российской компании. На дату публикации отчетности оценка не была завершена и может быть финализирована в течение года после момента транзакции.

[RUAL](https://www.tinkoff.ru/invest/stocks/RUAL?utm_source=security_share) 42.29₽

👉[Полная новость](http://telegra.ph/Cena-pokupki-Rusalom-30-doli-v-HWNM-vyrosla-do-316-mln---otchet-03-14-2)

**Замечено Шпионом РЦБ.
Подключить:** @StockSpy_bot",['RUAL'],['RUAL'],[],False
68899,2025-03-14 07:19:53+00:00,"#SVCB #Отчетность
**🖨**** Ключевые показатели Совкомбанка 2024**

• Активы: 4 трлн руб (+27%)

• Капитал (вкл. субординированный долг): 390 млрд руб (+31% г/г).

• Рентабельность акционерного капитала (ROE) составила 26%.

• Розничный кредитный портфель: 1.3 трлн руб (+61%)

• Корпоративный кредитный портфель: 1.4 трлн руб (+26%).",[],[],[],False
68898,2025-03-14 07:17:05+00:00,"#RUAL #Отчетность
**🖨 Русал: МСФО 2024**

Выручка: $6.38 млрд (+1.9%)
Скорр. EBITDA: $708 млн (+42.7% г/г)
Скорр. чистая прибыль: $537 млн (годом ранее убыток $242 млн)",['RUAL'],['RUAL'],[],True
68897,2025-03-14 07:07:30+00:00,"#SVCB #Отчетность
**🖨**** Совкомбанк: МСФО 2024**

Выручка: 722 млрд руб (+82% г/г)
Регулярная чистая прибыль: 76 млрд руб (+19% г/г)
Чистая прибыль: 77 млрд руб (-19% г/г, выше прогноза аналитиков)",[],[],[],True
68895,2025-03-13 18:03:10+00:00,"ТРAМП ЗAЯВИЛ, ЧТO СШA РAСПOЛAГAЮТ РЫЧAГAМИ ДAВЛЕНИЯ НA РOССИЮ, НO OН НЕ ХOЧЕТ ГOВOРИТЬ O НИХ В СВЯЗИ С ""ПOЗИТИВНЫМ"" ХOДOМ ПЕРЕГOВOРOВ С РФ ПO УКРAИНЕ


**Замечено Шпионом РЦБ.
Подключить:** @StockSpy_bot",[],[],[],False
68894,2025-03-13 15:48:27+00:00,"#Политика
Мы за перемирие на 30 суток, но есть нюансы — Путин

1. Мы должны выпустить всех украинских солдат из Курской области? 

2. Как будут обстоять дела по всей линии фронта? 

3. Как будет контролироваться отсутствие новых поставок оружия, мобилизации?

Вопросы требуют исследования. Идею поддерживаем, но вопросы нужно обсудить.",[],[],[],False
68893,2025-03-13 15:42:32+00:00,"ПРЕЗИДЕНТ РОССИИ ПУТИН БЛАГОДАРИТ ТРАМПА ЗА ВНИМАНИЕ К РОССИЙСКО-УКРАИНСКОМУ КОНФЛИКТУ


**Замечено Шпионом РЦБ.
Подключить:** @StockSpy_bot",[],[],[],False
68892,2025-03-13 15:38:23+00:00,"#Политика
Что касается импортозамещения и в том числе незаконных санкций. Все программы, связанные с укреплением технологического суверенитета, будут поддерживаться — Путин

Если ниши заняты, то они заняты. Преференции для иностранцев делать не будем",[],[],[],False
68891,2025-03-13 15:36:29+00:00,"#Политика
Инфляция и инфляционные ожидания начинают показывать признаки снижения — зампред ЦБ Заботкин",[],[],[],False
68890,2025-03-13 15:15:25+00:00,"#Политика
Пресс-конференция Лукашенко и Путина по итогам встречи",[],[],[],True
68889,2025-03-13 15:14:18+00:00,"#Политика
Путин и Лукашенко подписали соглашение о взаимной защите граждан от необоснованного преследования иностранными государствами и органами юстиции",[],[],[],False
68888,2025-03-13 14:28:41+00:00,"#Политика
🤬 Я бы без колебаний усилил санкции против России — глава Минфина США",[],[],[],False
68887,2025-03-13 14:16:48+00:00,"#HYDR #Отчетность
**🖨 Русгидро: МСФО 2024**

Чистый убыток 61.16 млрд руб (годом ранее прибыль 32.1 млрд руб)",[],[],[],False
68886,2025-03-13 14:11:42+00:00,"В контексте Газпрома сегодня намного интереснее вот эта статья от Reuters https://www.reuters.com/business/energy/gazproms-grandeur-fades-europe-abandons-russian-gas-2025-03-13/

Важная цитата:

**""Число работников Газпром Экспорта, некогда самого процветающего подразделения Газпрома, которое занималось продажей газа в Европу, сократилось до пары дюжин человек, сообщили Reuters два источника.

Пять лет назад, на пике поставок газа в Европу, в этом подразделении работало 600 человек.

Оставшиеся сотрудники подразделения заняты тем, что судятся с бывшими покупателями из ЕС"".**",[],[],[],True
68885,2025-03-13 13:28:17+00:00,"#GAZP
**США обсуждают с РФ и Германией покупку «Северных потоков» и другой энергетической инфраструктуры для перезапуска поставок российских энергоносителей в Европу **после завершения войны на Украине, сообщает в своем расследовании немецкое издание Correctiv.

Кроме СП американцы проявляют интерес к дочерней компании «Роснефти» в Германии, которой принадлежит 54% акций НПЗ в Шведте и меньшие доли в южногерманских НПЗ Bayernoil и Miro.",[],[],[],False
68884,2025-03-13 13:08:03+00:00,"#Политика
После переговоров с Лукашенко, у Путина пройдет встреча с Утикоффом — спецкор Коммерсанта",[],[],[],False
68883,2025-03-13 13:05:44+00:00,"#BNB
😀 Семья Трампа ведет переговоры о приобретении доли в Binance — WSJ",[],[],[],False
68882,2025-03-13 12:52:16+00:00,"#Политика
РФ выберет отдельных переговорщиков для диалога с США по Украине — Ушаков",[],[],[],False
68881,2025-03-13 12:45:24+00:00,"#Политика
Путин будет разговаривать с посланцами Трампа насчёт перемирия на Украине в четверг-пятницу — Лукашенко",[],[],[],False
68880,2025-03-13 12:15:25+00:00,"#Политика
Окончательное отношение России к идее временного перемирия сформулирует Путин — Ушаков",[],[],[],False
68879,2025-03-13 12:10:07+00:00,"#Политика
Началось",[],[],[],True
68878,2025-03-13 12:02:16+00:00,"#YDEX [ЯНДЕКС](https://www.tinkoff.ru/invest/stocks/YDEX?utm_source=security_share)
💰 **Созыв общего собрания акционеров**

Повестка дня общего собрания участников эмитента:
1) Об утверждении Годового отчета Общества за 2024 год.
2) Об утверждении годовой бухгалтерской отчетности Общества за 2024 год.
3) О распределении прибыли дивидендов) по результатам 2024 года.
4) Об утверждении устава Общества в новой редакции.

👉 [Полный текст сообщения](https://www.e-disclosure.ru/portal/event.aspx?EventId=8klt6DjVYkySwgltnfOc-CA-B-B)

**Замечено  Шпионом РЦБ.**
**Подключить:** @StockSpy_bot",[],[],[],False
68877,2025-03-13 12:02:05+00:00,"#YDEX [ЯНДЕКС](https://www.tinkoff.ru/invest/stocks/YDEX?utm_source=security_share)
💰 **Решения СД**

Текущая цена: 4432.0 ₽

1. выплатить **дивиденды** по обыкновенным акциям Общества по результатам 2024 года в размере 80 рублей на одну обыкновенную акцию;

часть чистой прибыли по результатам 2024 года направить на выплату **дивидендов** по обыкновенным акциям Общества исходя из расчета 80 рублей на одну обыкновенную акцию;

👉 [Полный текст сообщения](https://www.e-disclosure.ru/portal/event.aspx?EventId=2nwgQrcmu0iovsAR5AdTvw-B-B)

**Замечено  Шпионом РЦБ.**
**Подключить:** @StockSpy_bot",[],[],[],False
68876,2025-03-13 11:21:51+00:00,"#Политика
Турция намерена запросить у США продление исключения из санкций для оплаты поставок российского газа — Bloomberg",[],[],[],False
68874,2025-03-13 11:17:15+00:00,"#Политика
ЕС не обсуждает смягчение санкций против России, рассматривает новый пакет ограничительных мер – представитель ЕС",[],[],[],False
68873,2025-03-13 11:12:43+00:00,"#Политика
США определили посредника в переговорах с Россией — это не Стив Уиткофф — Ушаков",[],[],[],False
68872,2025-03-13 11:00:10+00:00,"#Политика
**Между Россией и США идет нормальный обмен мнениями, в спокойной манере** — Ушаков",[],[],[],False
68871,2025-03-13 10:59:54+00:00,"#Политика
Ушаков не стал комментировать детали визита Уиткоффа в Москву. Стороны условились, что такие контакты будут носить закрытый характер",[],[],[],False
68870,2025-03-13 10:59:21+00:00,"#Политика
⚡️ Ушаков не исключил, что Путин в четверг выскажет более конкретные и содержательные оценки предложения по временному перемирию на Украине",[],[],[],False
68869,2025-03-13 10:58:49+00:00,"#Политика
РФ надеется, что США учтут ее требования по урегулированию на Украине — Песков",[],[],[],False
68868,2025-03-13 10:56:55+00:00,"#Политика
Москва не хочет временного перемирия, она заинтересована в долгосрочном урегулировании —  Ушаков",[],[],[],False
68867,2025-03-13 10:56:02+00:00,"#Политика
Предложенное временное перемирие на Украине - не что иное, как временная передышка для украинских военных — Ушаков",[],[],[],False
68866,2025-03-13 10:54:05+00:00,"#Политика
Россия рассматривает заявления США и Украины по итогам переговоров в Джидде как публичную риторику, Москва не ориентируется на них — Захарова",[],[],[],False
68865,2025-03-13 10:44:40+00:00,"#RUAL #Прогноз
**Консенсус-прогноз предстоящей отчетности по МСФО за 2024 от Русала**

Выручка — $6.48 млрд
EBITDA — $0.736 млрд",['RUAL'],['RUAL'],[],False
68863,2025-03-13 10:41:41+00:00,"#Политика
**Переговоры Путина и Лукашенко начнутся через 20 минут. Информационное агенство БелТА запустила обратный отсчет трансляции на ютубе**",[],[],[],True
68862,2025-03-13 10:35:21+00:00,"#WUSH 
Старт сезона электросамокатов намечен на субботу. Но может быть отложен, если не будет стабильной теплой работы — власти Москвы",[],[],[],False
68861,2025-03-13 10:04:21+00:00,"#Политика
Россия ответит имеющимися средствами на размещение иностранных войск или военных баз на Украине — МИД РФ",[],[],[],False
68860,2025-03-13 09:42:03+00:00,"#Макро
Позиция Минфина РФ по счетам ""С"" неизменна - разблокировка возможна только как ответный шаг — Интерфакс",[],[],[],False
68859,2025-03-13 09:04:45+00:00,"#Нефтянка
МЭА оценивает мировые поставки нефти на уровне 104.5 млн барр/сутки в 2025 году (103 млн в 2024 году)",[],[],[],False
68858,2025-03-13 09:02:41+00:00,"#Политика
Россия прекрасно адаптировалась к санкциям — Песков",[],[],[],False
68857,2025-03-13 09:01:38+00:00,"#Политика
**Американские переговорщики действительно летят в Москву**. Запланированы контакты — Песков",[],[],[],False
68856,2025-03-13 09:00:58+00:00,"#Политика
Путин вечером может провести телефонный разговор. Кремль сообщит об этом своевременно — пресс-секретарь президента РФ Песков",[],[],[],False
68855,2025-03-13 08:54:42+00:00,"#Крипта 
Инвестирование в криптовалюты - крайне рискованно, неквалифицированный инвестор должен быть максимально защищен от такой деятельности  — ЦБ РФ",[],[],[],False
68854,2025-03-13 08:39:59+00:00,"#Макро
🇺🇸 Если не устранить дефицит федеральных расходов, Америка обанкротится — Илон Маск",[],[],[],False
68853,2025-03-13 08:30:10+00:00,"#Политика
Россия рассмотрит предложение США о прекращении огня в Украине на 30 дней, но без мирного соглашения остановка боев маловероятна — посол РФ в Великобритании",[],[],[],False
68852,2025-03-13 08:15:37+00:00,"#Макро
**Минфин и Банк России обсуждают создание инструмента доведения господдержки до компаний через фондовый рынок** — заместитель министра финансов России Иван Чебесков",[],[],[],False
68851,2025-03-13 07:42:30+00:00,"#Макро
Глава комитета Госдумы по финрынку Аксаков заявил, что ожидает сохранения ключевой ставки на заседании ЦБ РФ 21 марта",[],[],[],False
68849,2025-03-13 07:28:14+00:00,"#Теханализ
📉 **Индекс Мосбиржи **[**ниже 3150 пунктов**](https://t.me/cbrstocks/68768)**

**[**На публичном звонке**](https://t.me/cbrstocks/68700)** с подписчиками Аналитик Шпиона обсуждал среднесрочный план по рынку**
** **
6 марта: 3210-3220 не можем уверенно пробить вверх, постоянно происходит активизация продавца у этой зоны

Похоже, пойдем по красному сценарию.

🧠 В закрытом канале с аналитикой были обсуждены возможные цели и потенциальные кандидаты на шорт

👉 [Подключиться к Шпиону](https://t.me/stockspy_bot)",[],[],[],True
68848,2025-03-13 06:59:59+00:00,"#TATN #Отчетность
Татнефть: МСФО 2024

Чистая прибыль 306.14 млрд руб (+6% г/г)",['TATN'],['TATN'],[],False
68847,2025-03-13 06:52:46+00:00,"#DELI #Отчетность
**🖨 Делимобиль: МСФО 2024**

Выручка 27.89 млрд руб (+33%)
Чистая прибыль 8 млн руб (годом ранее 1.9 млрд)

[Полная отчетность](https://delimobil.ru/media/IFRS-2024_Carsharing%20Russia%20LLC_Financial%20statements.pdf)",[],[],[],True
68846,2025-03-12 16:43:32+00:00,"#Adoption
🇷🇺 Мосбиржа готова запустить торги инструментами, привязанными к стоимости криптоактивов, сразу после появления соответствующего регулирования — биржа",[],[],[],False
68845,2025-03-12 16:19:31+00:00,"#Политика 
**Можем оказать давление на Россию, но надеемся, этого не потребуется **— Трамп",[],[],[],False
68844,2025-03-12 16:15:08+00:00,"👁 **Результаты торговли по **[**Шпиону РЦБ**](https://t.me/stockspy_bot)** **

Аналитик в закрытом канале с помощью Дельты Шпиона анализирует рынок и находит акции для входа в позицию.

Цель аналитика — увеличивать портфель на 4% в месяц (48% годовых). 

Текущие результаты за 7.5 месяцев ведения закрытой аналитики в Шпионе:

• Доходность в марте +6.3% (индекс Мосбиржи -2%)
• Доходность с августа: +37% (индекс Мосбиржи (+8%)
• Средняя месячная доходность: +5%

**👉 **[**Инструкция по работе с дельтой**](https://dzen.ru/a/Z4T3vjatYHRrNAs6)** и другими функциями**

**👉 **[**Доступ к Шпиону РЦБ **](https://t.me/stockspy_bot)**и аналитике**",[],[],[],True
68843,2025-03-12 16:00:18+00:00,"#Макро
**Недельная инфляция в РФ 0.11% (прошлая неделя 0.15%)**
**
Годовая инфляция в РФ 10.06% (на прошлой неделе 9.92%)**",[],[],[],False
68842,2025-03-12 15:10:32+00:00,"#YDEX 
**АКРА и Эксперт РА присвоили Яндексу рейтинги ААА(RU) и ruААА со стабильным прогнозом**

Рейтинг кредитоспособности МКПАО «Яндекс» обусловлен очень сильным бизнес-профилем, низкой долговой и процентной нагрузкой, высоким уровнем ликвидности, а также умеренно высокими показателями рентабельности и низким уровнем корпоративных рисков. 

Компания постоянно поддерживает на балансе значительный объем денежных средств, формируя комфортную подушку ликвидности: на конец 2024 года на счетах компании было саккумулировано 212 млрд рублей.",[],[],[],False
68841,2025-03-12 12:31:04+00:00,"#Макро #Статистика
**🇺🇸**** США: инфляция в феврале (г/г)**
**Факт: 2.8%**
Прогноз: 2.9%
Пред.: 3.0%

#Макро #Статистика
**🇺🇸**** США: инфляция в феврале (м/м)**
**Факт: 0.2%**
Прогноз: 0.3%
Пред.: 0.5%",[],[],[],False
68840,2025-03-12 12:22:45+00:00,"#Макро
🕯 Прогнозы JPMorgan и Goldman реакции рынка на данные по инфляции США, которые выйдут сегодня в 15:30.",[],[],[],True
68839,2025-03-12 12:15:45+00:00,"#Регуляция
**⚡️**** ЦБ РФ в соответствии с поручением президента направил для обсуждения в кабмин предложения о регулировании инвестиций в криптовалюты** — Регулятор",[],[],[],False
68838,2025-03-12 12:14:27+00:00,"#Политика
🇺🇸 Пока не было предпринято шагов для снятия с России американских санкций — Рубио",[],[],[],False
68837,2025-03-12 12:01:05+00:00,Чат Сигналов в моменте,[],[],[],True
68836,2025-03-12 12:00:24+00:00,"#Политика #Санкции
**Вопрос о европейских санкциях будет на повестке дня. Европейцам нужно принять участие в этом направлении **— Рубио",[],[],[],False
68835,2025-03-12 11:58:15+00:00,"#Политика
**Основная часть переговоров с делегацией с Украины была посвящена тому, как будет выглядеть переговорный процесс, а не определенным условиям** — Рубио",[],[],[],False
68834,2025-03-12 11:41:37+00:00,"#Политика
**Контакт с Россией состоится в сегодня.** Реакция России неизвестна — госсекретарь США Рубио",[],[],[],False
68833,2025-03-12 11:29:55+00:00,"📅 **Данные SBER за сегодня на 14:10
Покупки: 1178.4 млн руб
Продажи: 777.4 млн руб
Дельта: 400.8 млн руб

📅 Данные GAZP за сегодня на 14:15
Покупки: 906.8 млн руб
Продажи: 807.4 млн руб
Дельта: 99.5 млн руб

📅 Данные LKOH за сегодня на 14:15
Покупки: 102.7 млн руб
Продажи: 62.7 млн руб
Дельта: 40.0 млн руб
**
__Пытаются продавить рынок акций в коррекцию, но если посмотреть дельту трёх самых тяжёлых бумаг в индексе:
____🏦____⛽️____⛽️____, пока преобладают покупки в инструментах. Особенно сильно выглядит Сбер сейчас.
За этими полезными показателями можно следить в шпионе РЦБ.
Подключить можно по ссылке для нашего канала__👇
https://t.me/stockspy_bot?start=promo_bt10",[],[],[],False
68832,2025-03-12 09:41:30+00:00,"#Политика
**Путин, вероятно, отклонит предложение США о 30-дневном перемирии на Украине **— [Reuters](https://www.reuters.com/world/europe/russian-lawmaker-says-any-ukraine-deal-will-be-moscows-terms-not-washingtons-2025-03-12/) со ссылкой на кремлевские источники

Президент Путин маловероятно примет предложение США о 30-дневном перемирии в Украине, сообщают российские источники. Они подчеркивают, что любое соглашение должно учитывать российские успехи на поле боя и удовлетворять требования Москвы.",[],[],[],False
68831,2025-03-12 09:38:43+00:00,"#Политика
При необходимости звонок Путина с Трампом будет очень быстро организован — Песков",[],[],[],False
68830,2025-03-12 09:37:22+00:00,"#Политика
**В эти дни у нас запланированы контакты с американцами** — пресс-секретарь президента РФ Песков",[],[],[],False
68829,2025-03-12 09:16:50+00:00,"#NVTK [НОВАТЭК](https://www.tinkoff.ru/invest/stocks/NVTK?utm_source=security_share)
💰 **Решения СД**

Текущая цена: 1243.6 ₽

1) определить размер **дивидендов** по обыкновенным акциям ПАО «НОВАТЭК» по результатам 2024 года в размере 46,65 рублей на одну обыкновенную акцию рублей на одну обыкновенную акцию);

👉 [Полный текст сообщения](https://www.e-disclosure.ru/portal/event.aspx?EventId=P3dPmNjhIEqXVDHSsqXPaA-B-B)

**Замечено  Шпионом РЦБ.**
**Подключить:** @StockSpy_bot",['NVTK'],['NVTK'],[],False
68828,2025-03-12 08:23:06+00:00,#investmemes,[],[],[],True
68827,2025-03-12 08:13:25+00:00,"#HYPR
⚡️ **Hyper выходит в новый регион** — [Роснано](https://t.me/rosnanoinfo/2099)

Hyper - федеральный оператор электродвижения. Акции торгуются на Мосбирже под тикером HYPR, торговый код ""Нов Энерг"".

На данный момент быстрые зарядки Hyper установлены в 5 регионах РФ, новый регион может стать шестым.",[],[],[],True
68826,2025-03-12 07:19:05+00:00,"#SPBE #IPO #JETL
**СПБ Биржа объявляет о старте сбора предварительных оферт на покупку акций ПАО ""ДжетЛенд Холдинг**"" — биржа

Ценовой диапазон установлен  на уровне от 60 до 65 рублей за одну акцию. 

Тикер JETL. 

Планируемая дата начала торгов акциями — 26 марта 2025 года.",[],[],[],False
68825,2025-03-12 07:09:50+00:00,"#Недвижимость #Банки
Альфа-банк вслед за Сбером и ВТБ снизил ставки по стандартной ипотеке на новое жилье и вторичку на 1 процентный пункт (п.п.) - до 28,09-28,49% — ТАСС",['VTBR'],[],['VTBR'],False
68824,2025-03-12 06:53:03+00:00,"#Статистика 
Выпуск стали в России в феврале снизился на 3% — СМИ

По итогам первых двух месяцев 2025 г. производство стали осталось практически на уровне аналогичного периода прошлого года, составив 11.3 млн (-0.1%)",[],[],[],False
68823,2025-03-12 06:43:06+00:00,"#Газ
Запасы газа в хранилищах Европы опустились ниже 36.5%",[],[],[],False
68822,2025-03-12 05:15:07+00:00,"#Политика 
Любые договоренности по урегулированию украинского конфликта должны проходить на российских, а не американских условиях — зампред Совфеда РФ",[],[],[],False
68821,2025-03-11 19:37:49+00:00,"#Политика
**Если мы не заставим Россию прекратить огонь, мы просто продолжим воевать и снабжать Украину** — Трамп",[],[],[],False
68820,2025-03-11 19:12:05+00:00,"#Политика
**Будем надеяться, что Россия согласится на прекращение огня** — Трамп",[],[],[],False
68819,2025-03-11 19:08:59+00:00,"#Политика
**Будем надеяться, что Россия согласится на прекращение огня** — Трамп

Мы встретимся с представителями России сегодня и завтра",[],[],[],False
68818,2025-03-11 19:08:50+00:00,"#Политика
Приглашу Зеленского в Белый дом — Трамп",[],[],[],False
68817,2025-03-11 18:49:45+00:00,"#Политика
⚡️  Спецпредставитель Трампа Уиткофф планирует прибыть в Москву в четверг — госсекретарь США Рубио",[],[],[],False
68816,2025-03-11 18:25:23+00:00,"#Политика
Предложенный на 30 дней режим прекращения огня может быть продлен по согласию сторон — совместное заявление США и Украины по итогам встречи",[],[],[],False
68815,2025-03-11 18:24:38+00:00,"#Политика
Лучшим проявлением доброй воли России станет согласие начать переговоры о завершении конфликта — госсекретарь США Рубио",[],[],[],False
68814,2025-03-11 18:24:03+00:00,"#Политика
Предложение о прекращении огня покажет, хочет ли Россия мира или нет — главный помощник президента Украины Зеленского",[],[],[],False
68813,2025-03-11 18:21:03+00:00,"#Политика
США передадут РФ по нескольким каналам предложения о прекращении огня на Украине, надеются на положительный ответ —  госсекретарь США Рубио",[],[],[],False
68812,2025-03-11 18:09:55+00:00,"#Политика
США и Украина договорились определить состав своих переговорных групп и немедленно начать переговоры для достижения устойчивого мира, который обеспечит долгосрочную безопасность Украины",[],[],[],False
68811,2025-03-11 18:07:24+00:00,"#Политика
США и Украина предприняли важные шаги для восстановления прочного мира

**❗️**** Украина выразила готовность принять предложение США о немедленном и временном 30-дневном прекращении огня**

Украина и США договорились как можно скорее заключить всеобъемлющее соглашение о разработке важнейших минеральных ресурсов украины.

США немедленно снимут паузу в обмене разведданными и возобновят помощь украине в области безопасности",[],[],[],False
68810,2025-03-11 17:52:53+00:00,"#Макро
🍳 Цены на Яйца в США упали на $2. Теперь они дешевле, чем до прихода Трампа — Белый дом

Рецессия отменяется",[],[],[],True
68809,2025-03-11 17:51:11+00:00,"#Политика
Переговоры США и Украины в Саудовской Аравии были позитивными — Белый дом",[],[],[],False
68808,2025-03-11 16:42:44+00:00,"#TRNFP
Россия устранила повреждения, нанесенные нефтепроводу Дружба украинским дроном, и поставки в Венгрию возобновились — глава МИД Венгрии Сийярто",[],[],[],False
68807,2025-03-11 16:41:52+00:00,"#Политика
🇺🇸 США оптимистично настроены в рамках встречи делегаций США и Украины в Саудовской Аравии, ожидая ""фантастических новостей для человечества"" — Госдеп",[],[],[],False
68806,2025-03-11 15:41:39+00:00,"**#BTC**** -18% c 21 февраля**.

**Из-за высокой волатильности на текущем рынке очень важно грамотно взвешивать риски**. Поэтому мы разработали для вас [ИИ-индикаторы](https://t.me/stockspy_bot) на основе машинного обучения и анализа большого потока данных. 

👁 **Индикатор силы**. На основе биржевых данных помогает определять, что на рынке преобладает — спрос или предложение. Исходя из этого можно корректировать вашу стратегию и открывать сделки в верном направлении. 

**📈**** Доходность Индикатора Силы на 20% выше BTC с 21 февраля.**
```          Доходность
Bitcoin   -17%
Индикатор +3.5%
Силы ```

👁 **ИИ-трейдер** — индикатор, который указывает предпочитаемое направление сделки по BTC внутри дня, устанавливая стоп-лосс.

С начала марта его доходность +11%. 

[Крипто Шпион](https://t.me/stockspy_bot) — аналитический инструмент, который покажет уникальные биржевые данные, проанализирует их и позволит быстрее среагировать на ключевые события. 

**Обязательный помощник для крипто трейдера:

****👉**** ****@StockSpy_bot**",[],[],[],True
68805,2025-03-11 15:31:25+00:00,"**Рейтинг акций по чистым покупкам и чистым продажам на 11.03.2025 18:20**

```Покупки

Тикер    %       Млн. руб.
GAZA     100.0%  +3.9
MOEX     99.2%   +627.1
FLOT     98.8%   +131.8
TUZA     98.4%   +11.8
BSPB     98.0%   +214.0
RZSB     98.0%   +1.6
SBER     96.4%   +2462.0
ROLO     96.4%   +24.8
ASSB     96.0%   +0.7
EELT     96.0%   +2.7

Продажи

Тикер    %     Млн. руб.
PIKK     6.8%  -98.3
ALRS     6.8%  -149.8
MRKP     5.7%  -12.8
MRKY     4.9%  -3.5
KMEZ     4.9%  -0.9
WUSH     3.6%  -63.6
RBCM     3.1%  -34.9
HNFG     3.1%  -18.3
BELU     2.1%  -78.5
NFAZ     0.4%  -4.3```
([**Что это значит**](https://t.me/SpyFAQ/32))

**Замечено Шпионом РЦБ.**
**Подключить: ****@StockSpy_bot**",[],[],[],False
68804,2025-03-11 15:04:37+00:00,"#Политика
**🇺🇦**** Киев готов подписать соглашение о поставках полезных ископаемых** — член украинской делегации в Саудовской Аравии",[],[],[],False
68803,2025-03-11 14:20:54+00:00,"#Нефтянка #FLOT
Bloomberg: **Санкции США в отношении российского танкерного флота демонстрируют признаки ослабления**, поскольку несколько судов из черного списка впервые за более чем год загрузились.

В последние дни три судна из черного списка погрузили грузы флагманского российского сорта Pacific и отплыли из главного регионального порта страны. А спутниковые снимки показывают, что все больше судов покидают якорные стоянки к западу от порта Находка, где они простаивали с момента введения санкций.",[],[],[],False
68802,2025-03-11 14:03:31+00:00,"#Политика
США введут дополнительные 25% пошлины на сталь и алюминий из Канады — Трамп",['RUAL'],[],['RUAL'],False
68801,2025-03-11 13:03:50+00:00,"#Политика
Первый раунд переговоров переговорили",[],[],[],False
68800,2025-03-11 12:35:30+00:00,"#DIAS [Диасофт](https://www.tinkoff.ru/invest/stocks/DIAS?utm_source=security_share)
💰 **Решения акционеров**

Текущая цена: 3842.5 ₽

1. Выплатить **дивиденды** по результатам прошлых лет в денежной форме в размере 53,30 рубля 30 копеек на одну обыкновенную акцию Общества в общей сумме 559 650 000,00 рублей 00 копеек.

👉 [Полный текст сообщения](https://www.e-disclosure.ru/portal/event.aspx?EventId=Dq4IWWE-A-Ak2-A0S3wrdO0QQ-B-B)

**Замечено  Шпионом РЦБ.**
**Подключить:** @StockSpy_bot",[],[],[],False
68799,2025-03-11 12:23:35+00:00,"#Политика
**Путин не намерен идти на компромисс **по требованиям, касающимся земли, миротворцев и нейтралитета Украины, в ходе любых мирных переговоров, что усложняет усилия президента Дональда Трампа по достижению надёжного урегулирования — Bloomberg со ссылкой на представителей западных спецслужб",[],[],[],False
68798,2025-03-11 11:47:04+00:00,"#ETH -33% после твита Эрика Трампа с рекомендацией покупать Ethereum.

Трамп младший отредактировал пост и убрал приписку ""Потом еще спасибо скажете""",[],[],[],True
68797,2025-03-11 11:31:48+00:00,"#Макро
**Существуют риски снижения нефтегазовых доходов бюджета РФ вследствие ослабления ценовой конъюнктуры** — Минфин",[],[],[],False
68796,2025-03-11 11:31:08+00:00,"#Макро
Дефицит федерального бюджета РФ в янв-фев -1.3% ВВП (-0.8% в янв) — Минфин",[],[],[],False
68795,2025-03-11 10:34:59+00:00,"#WUSH
Минтранс подготовил проект, по которому пользователи средств индивидуальной мобильности (например, электросамокатов) будут квалифицироваться как **водители транспортных средств** — РИА",[],[],[],False
68794,2025-03-11 08:59:44+00:00,"#HNFG [ЭЙЧ ЭФ ДЖИ](https://www.tinkoff.ru/invest/stocks/HNFG?utm_source=security_share)
📣 **Существенное событие**

Краткое описание события, наступление которого, по мнению эмитента, оказывает влияние на стоимость или котировки его ценных бумаг: 

11 марта 2025. ООО ТАМИ И КО, операционная компания, которая объединяет все салоны сети магазинов мужской одежды, обуви и аксессуаров группы ПАО ЭЙЧ ЭФ ДЖИ объявляет предварительные данные о выручке по итогам февраля 2025 года.

Полная выручка
Совокупная выручка HENDERSON за первые 2 месяца 2025 года превысила 16,2% к аналогичному периоду 2024 года и составила 3,5 млрд. рублей. Прирост к 2 месяцам 2023 года составил 56,3%.
Выручка в феврале 2025 года выросла на 10,4% к аналогичному периоду 2024 года и достигла 1,8 млрд рублей. Рост к февралю 2023 года превысил 51,1%. 

Онлайн-продажи
Динамика роста продаж онлайн-каналов опережает динамику офлайн-канала. Выручка онлайн продаж HENDERSON в феврале 2025 года выросла на 32,6% к февралю 2024 года. Прирост онлайн продаж за 2 месяца 2025 года к 2 месяцам 2024 года составил 50,5%, а к 2 месяцам 2023 года 133,3%


Ежемесячный отчет по ключевым операционным показателям за февраль 2025 Компания раскроет 25 марта 2025 года.

👉 [Полный текст сообщения](https://www.e-disclosure.ru/portal/event.aspx?EventId=5DLK7X-CBkUefgGtPyi1mUw-B-B)

**Замечено  Шпионом РЦБ.**
**Подключить:** @StockSpy_bot",[],[],[],False
68793,2025-03-11 08:54:31+00:00,"#Политика
Представители США и Украины начали переговоры в Саудовской Аравии",[],[],[],False
68792,2025-03-11 08:12:51+00:00,"#UNAC
**ОАК начал размещение акций в рамках допэмиссии **

2 018 733 980 580 акций по 0.65руб/акц",[],[],[],False
68791,2025-03-11 07:53:25+00:00,"#Макро 
🌐 JPMorgan повысили вероятность рецессии в США с 30% до 40%.",[],[],[],False
68790,2025-03-11 07:44:09+00:00,"**#MGKL****
СД МГКЛ утвердил бизнес-план Группы на 2025-2030 гг**

В соответствии с бизнес-планом Группа ожидает стабильный рост операционных и финансовых показателей: в 2030 г. выручка может достигнуть 32 млрд рублей, чистая прибыль – 4 млрд рублей, EBITDA – 7,25 млрд рублей.",[],[],[],False
68789,2025-03-11 07:32:44+00:00,"#Макро
**Ликвидная часть ФНБ — минимум с 2019 года**",[],[],[],True
68788,2025-03-11 07:29:49+00:00,"#Политика
🇷🇺 Сейчас многие спешат надевать розовые очки насчет действий Сша, но мы всегда должны быть готовыми отстаивать свои интересы — Пресс-секретарь президента РФ Песков",[],[],[],False
68787,2025-03-11 07:14:34+00:00,"🔥 **Высокая ставка работает: Сбер видит тренд на сокращение кредитования.** #VIP_talk

Герман Греф, комментарий к отчёту Сбера по РПБУ за февраль: «В феврале продолжился **тренд по снижению портфеля, стартовавший в конце прошлого года: на фоне высоких ставок в экономике и ограничений Банка России корпоративное и розничное кредитование сократились** на 0.1% и 0.4% за месяц в реальном выражении».

Тренд на снижение кредитования при текущих ставках даёт основания полагать, что **пик жёсткости денежно-кредитных условий пройден**, считает источник РДВ.

😀 @AK47pfl",[],[],[],False
68786,2025-03-11 06:59:29+00:00,"#SBER #Отчетность
**Сбер: РСБУ 2мес2024**

Чистая прибыль 267.3 млрд руб (+13.5% г/г)",[],[],[],False
68785,2025-03-11 06:29:01+00:00,"#Уголь
**Экспортные цены на все виды российского угля снизились к концу зимнего периода** — Коммерсантъ

На фоне профицита на мировом рынке и снижения производства стали в Китае аналитики ждут сохранения негативного тренда в течение всего года. Российских экспортеров коксующегося угля может поддержать взаимный обмен пошлинами США и Китая.

Котировки на все виды российских углей к концу февраля упали до уровня середины 2021 года, следует из обзора Центра ценовых индексов (ЦЦИ). Так, энергетические угли на базисе FOB Дальний Восток подешевели до $56–83 за тонну в зависимости от калорийности. Цены на металлургические угли снизились до $113–114 за тонну в зависимости от марки",[],[],[],False
68784,2025-03-11 06:20:04+00:00,"#Политика
Украина должна уступить территории в любом варианте мирного соглашения — госсекретарь США Рубио",[],[],[],False
68783,2025-03-11 06:14:34+00:00,"Накопленные данные за 30 дней
Покупки: 64707.7 млн руб
Продажи: 61242.3 млн руб
Дельта: 3465.4 млн руб

Теперь давайте посмотрим дельту бумаги ГМК.
1)Зелёной стрелкой обозначен текущий денежный поток.
2)Синей стрелкой текущая цена
3)Разрыв между деньгами и реальной ценой больше 10%, что добавляет уверенности в текущей сделке.
4)Общий показатель покупок и продаж за 30 дней в пользу покупателей.
Данные показатели я беру в шпионе РЦБ. Подключить со скидкой и следить за своими сделками можно по данной ссылке 👇
https://t.me/stockspy_bot?start=promo_bt10",[],[],[],True
68782,2025-03-11 06:12:04+00:00,"#Недвижимость
**В России после существенного роста начали снижаться ставки по ипотеке **— Коммерсантъ

Средневзвешенная ставка по ипотечным кредитам на новостройки в России снизилась за неделю с 3 по 9 марта на 0.8 процентного пункта — ЕРЗ.

На прошлой неделе Сбербанк снизил ставки по рыночной ипотеке на 1–1,5 п. п. При этом ВТБ сообщил, что уменьшил ставки по комбинированным с госпрограммами ипотечным продуктам и рассматривает возможность корректировки условий по рыночной ипотеке.",['VTBR'],[],['VTBR'],False
68781,2025-03-11 06:10:33+00:00,"#Нефтянка #Политика
🇺🇸 Администрация Трампа готова ужесточить санкции против нефти Ирана — Минэнерго США",[],[],[],False
68780,2025-03-11 05:47:25+00:00,"#Политика
Встреча Путина и спецпосланника США по Украине Уиткоффа планируется до 16 марта — Bloomberg",[],[],[],False
68779,2025-03-10 16:05:08+00:00,"❗️ **Торгуйте на бирже и получайте скидки или даже бесплатный доступ к Крипто Шпиону**

Торгуйте на бирже Bitget, выполняйте условия по торговому обороту и получайте доступ к [Крипто Шпиону](https://t.me/stockspy_bot). 
**
Инструкция**

1. Зарегистрироваться на бирже BitGet (важно, чтобы это был новый и первый ваш аккаунт) строго по ссылке: https://partner.bitget.com/bg/7L5CDS

2. Пройти KYC, внести первый депозит минимум 100 USDT и наторговать объем минимум 100 USDT за 30 дней.

3. Прислать в @cbr_support свой UID на бирже, для регистрации. 

4. Совершать торговый оборот и получать скидки или бесплатный доступ к Шпиону. 

**❗️ Каждые $50 000 торгового оборота — 500 руб скидка или 4 дня бесплатной подписки**

**👑**** Почему BitGet?**

• **Низкие комиссии (почти в два раза ниже, чем на ByBit)**

• **Прозрачность **— отчитываются о резервах. Обеспечение ваших активов можно проверить.

• **Больше торговых пар,** чем на OKX и Bybit.

[👉 Создать аккаунт на BitGet](https://partner.bitget.com/bg/7L5CDS)

#Крипто",[],[],[],True
68778,2025-03-10 14:30:43+00:00,"Из забавного видел сегодня, что часть физиков не могла разобраться с дивом Полюса, мол, 73 рубля на акцию (730 на самом деле в текущих ценах)
Хотя у Сигналов - https://t.me/cbrstocks/68774 - все четко написано
730 рублей по текущей цене, но после сплита (когда ваше количество акций увеличится в 10 раз) заплатят по 73 рубля на акцию (получите ту же самую сумму денег в итоге, просто удельно на одну акцию меньше, а самих акций у вас будет больше)

Надеюсь, все разберутся в итоге)
Див, кстати, выше ожиданий аналитиков",[],[],[],True
68777,2025-03-10 14:07:46+00:00,#TSLA -50% с декабрьских максимумов,[],[],[],True
68776,2025-03-10 13:05:02+00:00,"#Макро #Банки
**Основными покупателями российских акций в феврале стали крупные банки**",[],[],[],False
68775,2025-03-10 13:03:14+00:00,"#Макро
Крупнейшие экспортеры в феврале нарастили продажу валюты до $12.4 млрд - ЦБ РФ — Интерфакс",[],[],[],False
68774,2025-03-10 11:59:30+00:00,"#PLZL [Полюс](https://www.tinkoff.ru/invest/stocks/PLZL?utm_source=security_share)
💰 **Решения СД**

Текущая цена: 19364.5 ₽

1. Из средств чистой прибыли ПАО «Полюс», полученной по итогам 2024 года, выплатить **дивиденды** по обыкновенным акциям ПАО «Полюс» по результатам 2024 года в денежной форме в размере 730 рублей на одну обыкновенную акцию ПАО «Полюс». Принимая во внимание тот факт, что внеочередным Общим собранием акционеров ПАО «Полюс» 03 февраля 2025 года было принято решение о дроблении обыкновенных акций ПАО «Полюс» с коэффициентом дробления 10 и по состоянию на дату принятия настоящего решения СД ПАО «Полюс» дата конвертации обыкновенных акций ПАО «Полюс» не наступила, считать, что размер рекомендованного СД ПАО «Полюс» **дивиденда** на 1 обыкновенную акцию ПАО «Полюс» по результатам 2024 года составляет 73 рубля на одну обыкновенную акцию ПАО «Полюс» после завершения процесса дробления обыкновенных акций ПАО «Полюс» рубля).

👉 [Полный текст сообщения](https://www.e-disclosure.ru/portal/event.aspx?EventId=0dmyGuBk-CkCQpVNH6g-AIDA-B-B)

**Замечено  Шпионом РЦБ.**
**Подключить:** @StockSpy_bot",[],[],[],False
68773,2025-03-10 11:49:35+00:00,"#Политика
Трамп рассматривает вариант остановки поставок оружия на Украину, пока Зеленский остается у власти — Bild",[],[],[],False
68772,2025-03-10 11:14:13+00:00,"#Политика
 Украина предложит прекращение огня в небе и на море на переговорах с США в Саудовской Аравии. Но не будет соглашаться на прекращение огня на земле — украинский чиновник",[],[],[],False
68771,2025-03-10 10:37:35+00:00,"#Политика
🇺🇸 Советники Трампа уже намечают схемы ослабления санкций против РФ, включая ограничения цен на нефть  — Bloomberg",[],[],[],False
68770,2025-03-10 08:50:42+00:00,"#ЦБРФ
ЦБ продал юани на 5.5 млрд рублей с расчетами 7 марта — СМИ

Продажа валюты на внутреннем рынке с расчетами 6 марта 2025 года составила 5.6 млрд рублей

Операции покупки и продажи иностранной валюты осуществляет Банк России на внутреннем рынке в валютной секции Московской биржи в инструменте юань - рубль",[],[],[],False
68768,2025-03-10 08:34:23+00:00,"#Теханализ**
**[**На публичном звонке**](https://t.me/cbrstocks/68700)** с подписчиками Аналитик Шпиона обсуждал среднесрочный план по рынку**
** **
3210-3220 не можем пробить уверенно, постоянно происходит активизация продавца у этой зоны

Похоже пойдем по красному сценарию.

🧠 В закрытом канале с аналитикой были обсуждены возможные цели и потенциальные кандидаты на шорт",[],[],[],True
68767,2025-03-10 08:24:04+00:00,"#Политика
Новый раунд переговоров РФ и США в Саудовской Аравии на этой неделе не планируется — представитель МИД РФ Захарова",[],[],[],False
68766,2025-03-10 08:22:45+00:00,"#UNAC
**СД ОАК определил цену допэмиссии акций — 0.65 руб. **

Текущая цена 0.66 руб",[],[],[],False
68765,2025-03-10 07:00:25+00:00,"#KMAZ
Камаз заинтересован в выходе на новые рынки Африки, в том числе и Марокко — ТАСС",[],[],[],False
68764,2025-03-10 06:47:05+00:00,"#Политика
Трамп с журналистом:

- …проявляет неуважение к вам, продолжая атаковать Украину, пока вы пытаетесь добиться мира.
- Кто?
- Президент Путин проявляет неуважение, продолжая атаковать Украину, пока вы пытаетесь добиться мира.
- Что он делает?
- Так э-э… продолжает атаковать Украину.
- И этим он проявляет неуважение ко мне?
- Да.
- Вы откуда?
- «Вашингтон Пост».
- Слушайте, вам уже никто не верит. Давайте следующий…",[],[],[],True
68763,2025-03-10 06:17:55+00:00,"#Политика
🇺🇸 Сенатор Грэм* внесет в Конгресс США законопроект о новых санкциях против РФ — ТАСС

Если Москва не пойдет на прекращение огня и мирные переговоры, Вашингтону следует обрушить на нее ""санкционный ад"", заявил политик.

__*Внесен в перечень террористов и экстремистов Росфинмониторинга__",[],[],[],False
68762,2025-03-08 08:39:16+00:00,"Цветы скам завтра раг пул будет. Был памп , завтра дамп будет 

Мне очень жаль тех, кто покупает цветы на хаях! Они просто потеряют свои деньги! - эксперты",[],[],[],False
68761,2025-03-08 08:20:16+00:00,"#Макро
🌷 Праздничные новости:

• Цветочные магазины объявили допэмиссию тюльпанов по цене х2 к рыночной цене. 

• Денежные фонды фиксируют отток капитала на 35 млрд рублей. Инвесторы перекладываются в цветы. 

• ""Спасибо!"" — Инвесторы поделились размером дивидендов от вложений в цветы.

• На ГОСЖ (годовое общее собрание женщин) утвердили список подарков на 8 марта и продление праздника еще на 1 день. 

• Сигналы РЦБ поздравляют подписчиц с Женским днём и желают им продолжать уверенно покорять рынок.",[],[],[],True
68760,2025-03-07 17:48:25+00:00,"#USDT #Регуляция
🇷🇺 США совместно с Германией и Финляндией конфисковали серверы криптобиржи Garantex и заморозили $26 млн, сообщили в американском Минюсте.",[],[],[],False
68759,2025-03-07 17:30:21+00:00,"#Политика
Трамп заявил, что Ирану предстоит либо заключить сделку с США, **либо “что-то очень скоро произойдет”**",[],[],[],False
68758,2025-03-07 17:29:03+00:00,"#Политика
Трамп заявил, что с Россией проще иметь дело, чем с Украиной, по вопросам мирного урегулирования. 

У Украины нет козырей в переговорах, сказал президент США на пресс-конференции в Белом доме.",[],[],[],False
68757,2025-03-07 17:08:37+00:00,"#Политика
По данным агентства Reuters, **президент России Владимир Путин выразил готовность к обсуждению условий прекращения огня на Украине**, но с определёнными условиями. Ключевыми требованиями являются отказ Украины от вступления в НАТО и признание территориальных изменений, включая контроль России над Крымом и значительными частями Донецкой, Луганской, Запорожской и Херсонской областей.  

Путин подчеркнул, что любые переговоры должны учитывать “реалии на земле”, а также выразил опасения, что временное перемирие может быть использовано Западом для перевооружения Украины. Он отметил, что Россия готова к переговорам без предварительных условий, включая обсуждения с украинскими властями, но подчеркнул необходимость легитимного участия украинского парламента.   

Эти заявления Путина прозвучали на фоне продолжающихся усилий США по достижению мирного соглашения между Россией и Украиной. Недавно состоялись переговоры между представителями США и России в Саудовской Аравии, направленные на подготовку возможного саммита между президентами Дональдом Трампом и Владимиром Путиным. Украина выразила готовность к заключению “сильного и эффективного инвестиционного и оборонного соглашения” с США, подчеркнув необходимость надёжных гарантий безопасности для предотвращения новой агрессии со стороны России.  

Таким образом, Россия сигнализирует о готовности к перемирию на Украине, но настаивает на выполнении своих условий, включая нейтральный статус Украины и признание текущих территориальных реалий. Переговоры продолжаются, и их успех будет зависеть от способности сторон прийти к взаимоприемлемому соглашению.",[],[],[],False
68756,2025-03-07 15:50:59+00:00,"#Политика
🇷🇺 Путин готов согласиться на перемирие на Украине на определенных условиях — СМИ",[],[],[],False
68755,2025-03-07 15:34:09+00:00,"#Политика
🇺🇸 Трамп заявил, что США прекращают федеральное финансирование ЮАР — ТАСС

Американский президент обвинил власти республики в ""ужасном отношении"" к фермерам.",[],[],[],False
68753,2025-03-07 14:19:54+00:00,"#Политика
⚡️ **Основываясь на том факте, что Россия сейчас абсолютно ""долбит"" Украину на поле боя, я решительно рассматриваю возможность введения масштабных банковских санкций, санкций и тарифов против России** до тех пор, пока не будет прекращен огонь и не будет достигнуто окончательное соглашение о мире. Россия и Украина, садитесь за стол переговоров прямо сейчас, пока не стало слишком поздно. Спасибо",[],[],[],False
68752,2025-03-07 13:36:14+00:00,"#Макро #Статистика
**🇺🇸**** США: Non-farm Payrolls в феврале.**
**
Факт: 151K**
Прогноз: 159K
Пред.: 125K",[],[],[],False
68751,2025-03-07 12:18:19+00:00,"#IVAT
**Платформа веб-коммуникаций IVA Technologies введена в промышленную эксплуатацию в ОАО «РЖД»**",[],[],[],False
68750,2025-03-07 11:32:01+00:00,"#Банки
РСПП предложил торговой палате США в РФ предусмотреть в рекомендациях властям возврат банков РФ в систему SWIFT и нормализацию расчетов",[],[],[],False
68749,2025-03-07 11:03:18+00:00,"#Нефтянка
Решение ОПЕК+ увеличить добычу с апреля связано с сезонным спросом — вице-премьер РФ Новак

Ранее: ОПЕК+ подтверждает решение продолжить наращивание добычи в апреле.",[],[],[],False
68748,2025-03-07 09:47:15+00:00,"#HYPR #KMAZ #Электрокары
**Таксопарки, каршеринги и физические лица забронировали более 105 тыс. автомобилей Атом**. Запуск серийного производства российских электромобилей ""Атом"" планируется в июле 2025 года — Минпромторг Татарстана",['TATN'],[],['TATN'],True
68747,2025-03-07 09:04:05+00:00,"#PLZL
**C 17 марта Мосбиржа вводит запрет на шорты в акциях Полюса**",[],[],[],False
68746,2025-03-07 08:37:58+00:00,"#FLOT
**БКС о результатах Совкомфлота**:

Уже IV квартал компания показала результаты хуже и квартал-к-кварталу и год-к-году. Видимо, из-за того, что часть контрагентов снизили поставки через Совкомфлот в конце прошлого года в преддверии санкций. Мы сохраняем «Негативный» взгляд на Совкомфлот и ждем слабые результаты в 2025 г. из-за простоя части подсанкционного флота.

Скорр. чистая прибыль, согласно пресс-релизу, составила 46,2 млрд руб. или 19,46 руб./акц., что **при выплате 50% даст дивидендную доходность 10%**. Однако в пресс-релизе компания указала, что решение будет принято с учетом новых вводных, а именно санкций, введенных в январе, —** то есть выплата может быть ниже.**",[],[],[],False
68745,2025-03-07 08:21:07+00:00,"#FLOT 
Заплатит или не заплатит?",[],[],[],True
68744,2025-03-07 08:09:22+00:00,"📅 Данные UPRO за сегодня на 10:00
Покупки: 470.4 млн руб
Продажи: 719.9 млн руб
Дельта: -249.5 млн руб

Накопленные данные за 14 дней
Покупки: 15985.5 млн руб
Продажи: 16998.2 млн руб
Дельта: -1012.7 млн руб

👆Вот какой тут может быть Лонг сейчас? Деньги уходят из актива. Есть золотое правило трейдинга - остановить коррекцию в бумаге своими деньгами нельзя. Нужно ходить за деньгами, а не за лудоманоми❗️❗️❗️
Слежу за дельтой покупок и продаж в шпионе РЦБ, подключить со скидкой 10%
https://t.me/stockspy_bot?start=promo_bt10",[],[],[],True
68743,2025-03-07 08:06:06+00:00,"#FLOT #Прогноз
БКС ожидает обнуление чистой прибыли Совкомфлота в 2025 году",[],[],[],True
68742,2025-03-07 07:14:18+00:00,"#FLOT #Отчетность
Совкомфлот: МСФО 2024",[],[],[],True
68741,2025-03-07 07:12:11+00:00,"#FLOT #Дивиденды
**Совкомфлот о дивидендах за 2024 год**

Рекомендации в отношении распределения прибыли и выплате дивидендов по результатам 2024 года будут определяться советом директоров в рамках действующей дивидендной политики Компании, принимая во внимание актуальное финансовое положение Компании и руководствуясь принципом достаточности капитала для обеспечения стратегического развития Компании, в т.ч. в контексте новых санкционных ограничений.",[],[],[],False
68740,2025-03-07 06:39:24+00:00,"#NDX
🇺🇸 Индекс Nasdaq -10% с максимумов",[],[],[],True
68739,2025-03-07 06:20:03+00:00,"#Макро
🇨🇳 Экспорт Китая в январе-феврале 2025 достиг рекордного уровня $540 млрд (+2.3% г/г). Импорт неожиданно упал на 8.4%. Торговый профицит составил $171 млрд — Bloomberg

Китай наращивает экспорт, осуществляя поставки заранее, на фоне угроз США ввести тарифы.",[],[],[],False
68736,2025-03-06 15:12:36+00:00,"#Политика
⚡️**России нужен такой вариант мира, который ее устраивает и обеспечит ее спокойствие на историческую перспективу** — Путин

• России чужого не нужно, но и своего она не отдаст 

• Россия не собирается никому уступать в ситуации на Украине

• России нужен такой вариант мира, который ее устраивает и обеспечит ее спокойствие на историческую перспективу

• Россия не собирается отступать в ходе СВО",[],[],[],True
68734,2025-03-06 15:00:03+00:00,"⏳ Через час встречаемся тут

Upd: вопросы сюда",[],[],[],True
68733,2025-03-06 14:53:14+00:00,"#Политика
США и России необходимо перезагрузить отношения ради завершения конфликта на Украине —  советник Трампа Келлог",[],[],[],False
68732,2025-03-06 14:22:44+00:00,"#Политика
 У нас нет эйфории по поводу Трампа — у России есть реализм  — МИД РФ",[],[],[],False
68731,2025-03-06 14:19:31+00:00,"#Макро
Арест российских активов не является предметом обсуждения ЕЦБ — глава ЕЦБ Лагард  
 
Речь идет об основах международного права",[],[],[],False
68730,2025-03-06 14:07:50+00:00,"#X5 **
❗️ День инвестора X5 пройдет 27 марта в 17:00**

На мероприятии топ-менеджмент обсудит финансовые итоги 2024 года, поделится обновленной стратегией развития и дальнейшими планами.",[],[],[],False
68729,2025-03-06 13:03:51+00:00,"#YDEX [ЯНДЕКС](https://www.tinkoff.ru/invest/stocks/YDEX?utm_source=security_share)
💰 **Проведение заседания СД и его повестка дня**

Текущая цена: 4507.5 ₽

2.2. Дата проведения заседания совета директоров (наблюдательного совета) эмитента: 11.03.2025.

2.3. Повестка совета директоров эмитента:
Повестка СД Международной компании публичного акционерного общества «ЯНДЕКС»:
1. Отчет Генерального директора о текущем положении дел в Обществе.
2. О проведении годового заседания общего собрания акционеров Общества, утверждении повестки дня Собрания, определении даты составления списка лиц, имеющих право на участие в Собрании, и решении иных вопросов, отнесенных к компетенции СД, связанных с подготовкой и проведением Собрания.
3. О формировании предложений по **распределению прибыли** **дивидендов**, выплачиваемых по акциям Общества) и порядку их выплаты) за 2024 год.
4. О предложении даты составления списка лиц, имеющих право на получение **дивидендов**.
5. О предварительном утверждении годового отчета.
6. Об утверждении Программы биржевых облигаций Общества серии 001Р.
7. Об утверждении проспекта ценных бумаг, составленного в отношении Биржевых облигаций, которые могут быть размещены в рамках Программы облигаций.
8. Об одобрении сделок.
9. Об увеличении уставного капитала путем размещения дополнительных обыкновенных акций, для целей реализации Программы долгосрочной мотивации, основанной на обыкновенных акциях Общества.
10. Об утверждении документа, содержащего условия размещения дополнительных обыкновенных акций.
11. Отчеты о работе Комитетов СД.
12. Вопросы, связанные с реализацией Программы мотивации.
13. Вопросы вознаграждения Генерального директора.
14. Об утверждении внутреннего документа.
15. О назначении аудитора Общества и утверждении условий договора с аудитором Общества.
16. О Плане работы СД.
17. Отчет внутреннего аудита

👉 [Полный текст сообщения](https://www.e-disclosure.ru/portal/event.aspx?EventId=-AnawOmq8qEuywpA3Il-Cs2A-B-B)

**Замечено  Шпионом РЦБ.**
**Подключить:** @StockSpy_bot",[],[],[],False
68725,2025-03-06 12:25:09+00:00,"#Авто
Динамика продаж новых авто в России разных классов: легковые, LCV, грузовые — Автостат",[],[],[],True
68724,2025-03-06 12:22:19+00:00,"#Авто
Динамика продаж новых авто в России

В феврале продажи снизились на 25% г/г и 12% м/м.

Доля электрокаров и гибридов достигла 5% в общем объеме продаж легковых авто",[],[],[],True
68723,2025-03-06 11:42:11+00:00,"#VKCO #Отчетность 
❗️ ВК опубликует отчетность по МСФО 20 марта",[],[],[],False
68722,2025-03-06 11:11:14+00:00,"#Политика
🇪🇺 ЕС хочет мира на Украине через силу, поэтому намерен вооружать Евросоюз 

План Еврокомиссии ""перевооружить Европу"" на 800 млрд евро позволит странам ЕС дополнительно инвестировать в производство оружия на Украине",[],[],[],False
68721,2025-03-06 10:06:02+00:00,"#Политика
Военный контингент ЕС на Украине будет означать прямую войну стран Европы против России - Лавров",[],[],[],False
68720,2025-03-06 09:55:40+00:00,"#Политика
🇷🇺 Путин вечером может провести международный телефонный разговор — Песков

Из Парижа не поступало запросов на контакты с Москвой — Песков",[],[],[],False
68719,2025-03-06 09:54:48+00:00,"#DIAS**
«Диасофт» рассматривает проведение дополнительной эмиссии акций в размере 2% от выпуска ценных бумаг**",[],[],[],False
68718,2025-03-06 09:19:15+00:00,"#RUAL #ENPG
Динамика цены на алюминий за 8 лет",['RUAL'],['RUAL'],[],True
68717,2025-03-06 09:04:18+00:00,"#USDT #Регуляция
🇷🇺 **Garantex сообщила, что Tether заблокировала кошельки биржи на 2.5 млрд руб**. 
**
На сайте биржи приостановлена торговля по причине «технических работ».**

«Мы временно приостанавливаем оказание всех услуг, включая выводы криптовалют, на время, пока мы всей командой решаем эту проблему. Мы боремся и не сдадимся! Обращаем ваше внимание на то, что весь USDT, находящийся на российских кошельках сейчас под угрозой».",[],[],[],False
68716,2025-03-06 08:44:02+00:00,"#FLOT #Прогноз
🔮** Скорректированная чистая прибыль Совкомфлота в четвёртом квартале может упасть на 29% по сравнению с третьим кварталом** — Сбер

А по итогам всего 2024 года она снизится на 38%, до 21.8 ₽ на акцию. При коэффициенте выплат в 50% дивиденд составит около 10.9 ₽ на бумагу с доходностью 11%.",[],[],[],False
68715,2025-03-06 08:37:21+00:00,"#FLOT #Прогноз
**🔮**** БКС прогнозирует снижение акций Совкомфлота до 80 руб (-18%)**. Взгляд — ""Негативный"".

• После введения санкций часть танкеров компании будет простаивать, это приведет к существенному падению выручки.

• Дивиденды по итогам 2024 года могут составить около 10.2 руб/ао (10% дивидендной доходности). Но менеджмент может и отказаться от выплаты из-за резкого снижения выручки.

• Чистая прибыль по итогам 2025 года может быть существенно хуже по сравнению с 2024 годом, что приведет к относительно незначительным дивидендам или к отказу от них.

**Отчетность Совкомфлота выходит 7 марта.**",[],[],[],False
68714,2025-03-06 08:12:09+00:00,"**Мосбиржа: ключевой вопрос к менеджменту - как компания собирается управлять издержками на фоне нормализации ДКП?** #аналитика

С 2023 года операционные расходы Мосбиржи выросли с 28.7 до 46.3 млрд рублей. Чистая прибыль на фоне этого росла в основном благодаря росту процентных доходов. Однако процентные доходы будут снижаться при нормализации ДКП. 

Сделаем теоретическое упражнение. Представим, что ключевая ставка 10%, а все остальные параметры без изменений. В этом случае с текущими операционными расходами чистая прибыль Мосбиржи может сократиться почти в два раза против уровня 2024 года и будет ниже, чем была в 2023 году.

__Звонок с менеджментом сегодня в 17:00.__

😀 @AK47pfl",[],[],[],True
68713,2025-03-06 07:28:51+00:00,"#DIAS #Отчетность
**🖨**** Диасофт: МСФО 9мес2024**

Выручка 8.1 млрд руб (+20% г/г)
EBITDA 3.1 млрд руб (на уровне прошлого года)",[],[],[],False
68712,2025-03-06 06:53:29+00:00,"#MOEX**
Операционные расходы Мосбиржи выросли на 61%**

• Общие и административные расходы +58% г/г
• Расходы на персонал и вознаграждение сотрудникам выросли на 65% и 70% соответственно",[],[],[],True
68711,2025-03-06 06:47:44+00:00,"#MOEX
**Мосбиржа: Отчетность по МСФО за 4кв2024**

Чистая прибыль — 17.3 млрд руб (консенсус прогноз 21.8 млрд руб",[],[],[],True
68710,2025-03-06 06:45:20+00:00,"#BSPB #Отчетность
Банк ""Санкт-Петербург"" получил за 2024 год рекордную чистую прибыль по МСФО — 50.8 млрд рублей (+7.3% г/г)",[],[],[],False
68709,2025-03-06 06:29:42+00:00,"#Недвижимость
🏗** Власти оценят возврат льготной ипотеки для семей с одним ребенком до 18 лет** — РБК
 
В правительстве обсуждают возможность распространения льготной ипотеки на семьи с одним ребенком до 18 лет. Целесообразность такого шага должны оценить Минфин и Минстрой. Смягчение условий оживит рынок, но эксперты видят и минусы. 

Официальный представитель Новака подтвердил факт такого поручения Минфину и Минстрою. Возобновление льгот по ипотеке для семей с одним ребенком — это «один из обсуждаемых вариантов», отметил источник РБК в правительстве.",[],[],[],False
68708,2025-03-05 20:23:48+00:00,"#GAZP
Германия не планирует снова налаживать поставки природного газа из России и восстанавливать газопровод ""Северный поток-2""  — официальный представитель правительства ФРГ Штеффен Хебештрайт",[],[],[],False
68707,2025-03-05 20:07:34+00:00,"#GMKN
Норникель пока не планирует выходить на рынок редкоземельных металлов — компания",['GMKN'],['GMKN'],[],False
68706,2025-03-05 16:04:41+00:00,"#Макро
Инфляция в РФ с 25 февраля по 3 марта замедлилась до 0,15%

Неделей ранее она равнялась 0,23%",[],[],[],False
68705,2025-03-05 15:59:58+00:00,"#Политика
США обсудили с Киевом место и дату для переговоров с Россией, — советник украинского президента Дмитрий Литвин

С его слов, разговор по этой теме провели Андрей Ермак и спецпосланник США Майк Уолтц.",[],[],[],False
68704,2025-03-05 15:54:53+00:00,"#Политика
⚡️ Мы готовим план первых шагов на пути к справедливому и устойчивому миру. Мы работаем над ним в срочном порядке. он будет готов в ближайшее время — президент Украины Зеленский",[],[],[],False
68703,2025-03-05 15:07:05+00:00,"#Adoption
🇷🇺 УК ""Первая"" предложила разрешить управляющим компаниям создавать ПИФы для инвестиций в криптовалюту.",[],[],[],False
68702,2025-03-05 14:26:56+00:00,"#Бонды
**🇷🇺**** Минфин закрыл квартальный план по размещению ОФЗ. Итоги сегодняшнего размещения гособлигаций**

**ОФЗ ПД-26246**
Объем размещения: 173.8 млрд руб
Спрос: 312.8 млрд руб
Средневзвешенная доходность: 16.2%

**ОФЗ ПД-26230**
Объем размещения: 44.2 млрд руб
Спрос: 63.9 млрд руб
Средневзвешенная доходность: 15.53%",[],[],[],False
68701,2025-03-05 13:55:29+00:00,"⚡️⚡️⚡️ **Чистая прибыль Мосбиржи за 4 квартал может оказаться на 25% хуже консенсус-прогноза — источник РДВ по результатам анализа двух крупнейших дочек Мосбиржи: НРД и НКЦ.** #аналитика #шок_новости

По данным оборотных ведомостей, публикуемых [на сайте](https://www.cbr.ru/banking_sector/otchetnost-kreditnykh-organizaciy/) Банка России, прибыль двух крупнейших дочек Мосбиржи: НРД и НКЦ - за 4 квартал 2024 года составила 15.8 млрд рублей.

Это на 27% ниже, чем консенсус-прогноз Интерфакса по чистой прибыли Мосбиржи за 4 квартал (21.8 млрд рублей).

Исторически прибыль Мосбиржи по МСФО и прибыль НРД + НКЦ близки друг другу (на фото - предыдущие кварталы).

Источник РДВ считает, что падение чистой прибыли Мосбиржи в 4 квартале можетт быть связано с бонусами в пользу сотрудников и разовыми списаниями.

👉 Мосбиржа опубликует отчётность за 4 квартал 2024 года завтра, 6 марта.

😀 @AK47pfl",[],[],[],True
68700,2025-03-05 12:53:40+00:00,"**👁**** Завтра в 19:00 мск проведем с вами звонок**

Обсудим торговый план на ближайшие недели, рассмотрим кандидатов на лонг и шорт. Поговорим про риск-менеджмент и следование торговой стратегии.

Спикер — аналитик [Шпиона РЦБ](https://t.me/stockspy_bot), который еженедельно проводить похожие звонки с пользователями Шпиона, и чья стратегия показала доходность +35% за 7 месяцев. 

Также в конце сможете задать свои вопросы по отдельным акциям, которые мы разберем вместе. 

❗️ **6 марта в 19:00 встречаемся на звонке в ****@cbrstocks**",[],[],[],True
68698,2025-03-05 12:43:44+00:00,"#Политика
США, если добьются успехов в переговорах с Украиной, рассмотрят возможность возобновления военной помощи ей — Белый дом",[],[],[],False
68697,2025-03-05 11:39:34+00:00,"#Политика
📊 США — главный поставщик помощи для Украины: военной, финансовой, гуманитарной

__Ранее США сообщили о приостановке помощи Украине.__",[],[],[],True
68696,2025-03-05 10:14:40+00:00,"#Политика
Экстренный саммит ЕС 6 марта пройдёт в контексте изменившийся позиции США по Украине — представитель ЕС",[],[],[],False
68695,2025-03-05 09:00:50+00:00,"#Газ
**ЕС откладывает реализацию дорожной карты по отказу от российского газа**",[],[],[],False
68694,2025-03-05 08:24:26+00:00,"#Макро
**🇨🇳**** Китай установил целевой показатель роста ВВП на 2025 год на уровне «около 5%»** и представил меры стимулирования экономики на фоне обострения торговой напряжённости с США.

Пекин повысил целевой показатель дефицита бюджета до «около 4%» ВВП с 3% в прошлом году.

Дефицит в 4% станет самым высоким показателем за всю историю наблюдений, начиная с 2010 года.",[],[],[],False
68693,2025-03-05 07:40:42+00:00,"#MOEX
Сделки с фьючерсами и опционами на Московской бирже в феврале 2025 года заключали 193 тысячи физических лиц (153 тысячи в феврале 2024 года). Их доля в суммарном объеме торгов биржевыми деривативами составила 63%.",[],[],[],False
68692,2025-03-05 06:57:02+00:00,"#MTSS
МТС В IV КВ. НАРАСТИЛА OIBDA НА 6,6% - ДО 60,4 МЛРД РУБ. (КОНСЕНСУС 59,93 МЛРД РУБ.) - ОТЧЕТ


[MTSS](https://www.tinkoff.ru/invest/stocks/MTSS?utm_source=security_share) 246.75₽

**Замечено Шпионом РЦБ.
Подключить:** @StockSpy_bot",['MTSS'],['MTSS'],[],False
68691,2025-03-05 06:55:16+00:00,"#STKG
⚡️ ГГР Ставрополь отчитался о росте стоимости чистых активов **на 113% в 2024 году до 2.7 млрд рублей** — [Федресурс](https://fedresurs.ru/sfactmessages/502a6896-f427-428a-b56f-788dd6a78691)

Акции STKG растут на 40%.

Ранее облгазы [возглавили](https://t.me/cbrstocks/65391) рейтинг акций российских компаний **с самым высоким потенциалом роста.**",[],[],[],False
68690,2025-03-05 06:51:10+00:00,"#Нефтянка
**Индия — один из ключевых покупателей российской нефти — сократила импорт сырья после новых санкций США** — Коммерсантъ

По данным S&P Global, поставки в январе и феврале оказались ниже среднемесячных за 2024 год, но во втором полугодии отгрузки могут стабилизироваться. При этом отмечается рост поставок нефти из США в Индию. Эксперты не видят прямой конкуренции между странами и рисков отказа от сырья из РФ в перспективе.

В январе 2025 года индийский импорт российской нефти был на уровне 1.67 млн баррелей в сутки, в феврале — 1.46 млн баррелей в сутки. Это на 6.7% и на 18.4% ниже среднемесячного показателя 2024 года.",[],[],[],False
68689,2025-03-05 06:46:40+00:00,"ЧИСТАЯ ПРИБЫЛЬ МТС-БАНКА ПО МСФО В 2024 ГОДУ СНИЗИЛАСЬ ДО 12,4 МЛРД РУБ. С 12,5 МЛРД РУБ. ГОДОМ РАНЕЕ - ОТЧЕТНОСТЬ


**Замечено Шпионом РЦБ.
Подключить:** @StockSpy_bot",['MTSS'],[],['MTSS'],False
68688,2025-03-05 06:09:00+00:00,"#PLZL #Дивиденды
Финальные дивиденды Полюса могут составить не менее 30% от EBITDA за 4кв2024 — компания",[],[],[],False
68687,2025-03-05 05:59:17+00:00,"#PLZL
""ПОЛЮС"" В 2024 Г УВЕЛИЧИЛ EBITDA НА 49%, ДО $5,7 МЛРД - ЛУЧШЕ ПРОГНОЗА


[PLZL](https://www.tinkoff.ru/invest/stocks/PLZL?utm_source=security_share) 19429.5₽

**Замечено Шпионом РЦБ.
Подключить:** @StockSpy_bot",[],[],[],False
68686,2025-03-05 05:59:04+00:00,"#PLZL
СД ""ПОЛЮСА"" 10 МАРТА РАССМОТРИТ РЕКОМЕНДАЦИИ ПО ДИВИДЕНДАМ - КОМПАНИЯ


[PLZL](https://www.tinkoff.ru/invest/stocks/PLZL?utm_source=security_share) 19666.0₽

**Замечено Шпионом РЦБ.
Подключить:** @StockSpy_bot",[],[],[],False
68685,2025-03-05 05:15:32+00:00,"#HEAD
**HeadHunter в IV квартале нарастил выручку на 22,8% - до 10,4 млрд руб., скорр. EBITDA составила 5,5 млрд руб.**
МКПАО ""Хэдхантер"" в IV квартале 2024 года получило выручку в 10,43 млрд рублей, что на 22,8% выше показателя аналогичного периода предыдущего года.

[HEAD](https://www.tinkoff.ru/invest/stocks/HEAD?utm_source=security_share) 3841.0₽

👉[Полная новость](http://telegra.ph/HeadHunter-v-IV-kvartale-narastil-vyruchku-na-228---do-104-mlrd-rub-skorr-EBITDA-sostavila-55-mlrd-rub-03-05-2)

**Замечено Шпионом РЦБ.
Подключить:** @StockSpy_bot",[],[],[],False
68684,2025-03-04 15:49:17+00:00,"#Политика
🇺🇦 Украина готова поскорее сесть за стол переговоров, чтобы приблизить крепкий мир. Что касается соглашения о полезных ископаемых и безопасности, то Украина готова подписать его в любое время и в любом удобном формате — президент Украины Зеленский",[],[],[],False
68683,2025-03-04 15:30:25+00:00,"#NVTK [НОВАТЭК](https://www.tinkoff.ru/invest/stocks/NVTK?utm_source=security_share)
💰 **Проведение заседания СД и его повестка дня**

Текущая цена: 1289.0 ₽

2.2. Дата проведения заседания Совета директоров эмитента: 11 марта 2025 года.

2.3. Повестка СД эмитента: 
1. Об итогах деятельности ПАО «НОВАТЭК» за 2024 год.
2. О предварительном утверждении Годового отчета ПАО «НОВАТЭК» за 2024 год, включая утверждение отчета о заключенных ПАО «НОВАТЭК» в 2024 году сделках, в совершении которых имеется заинтересованность.
3. О рекомендациях по размеру **дивиденда** по акциям ПАО «НОВАТЭК» по результатам 2024 года.
4. О вынесении на годовое заседание общего собрания акционеров вопроса о назначении аудиторской организации ПАО «НОВАТЭК» на 2025 год.
5. О проведении годового заочного голосования общего собрания акционеров ПАО «НОВАТЭК».
6. О рекомендации по размеру выплачиваемых членам Ревизионной комиссии ПАО «НОВАТЭК» вознаграждений.
7. О размере оплаты услуг аудиторской организации ПАО «НОВАТЭК» за 2025 год.
8. Об открытии представительств ПАО «НОВАТЭК».
9. О внесении изменений в Программу биржевых облигаций и Проспект ценных бумаг ПАО «НОВАТЭК».
10. Об оценке эффективности деятельности СД и Комитетов СД ПАО «НОВАТЭК».
11. Об утверждении Отчетов Комитетов СД ПАО «НОВАТЭК».

👉 [Полный текст сообщения](https://www.e-disclosure.ru/portal/event.aspx?EventId=MeEEpkboKkOTqAlWIy081g-B-B)

**Замечено  Шпионом РЦБ.**
**Подключить:** @StockSpy_bot",['NVTK'],['NVTK'],[],False
68682,2025-03-04 14:31:33+00:00,"#Макро
**Дефицит бюджета РФ в 2025 году может быть выше плана (0.5% ВВП) при сохранении текущих цен на нефть **— замминистра финансов Колычев",[],[],[],False
68681,2025-03-04 14:04:53+00:00,"#SBER #SBERP
МИНФИН РФ ЖДЕТ ДИВИДЕНДЫ ОТ СБЕРА ЗА 2024Г В РАЗМЕРЕ НЕ МЕНЕЕ 50% ОТ ПРИБЫЛИ - ЗАММИНИСТРА


[SBER](https://www.tinkoff.ru/invest/stocks/SBER?utm_source=security_share) 315.97₽
[SBERP](https://www.tinkoff.ru/invest/stocks/SBERP?utm_source=security_share) 314.08₽

**Замечено Шпионом РЦБ.
Подключить:** @StockSpy_bot",[],[],[],False
68679,2025-03-04 13:30:25+00:00,"#Нефтянка #TRNFP 
**Нефть по трубопроводу Дружба перестала поступать в Чехию**",[],[],[],False
68678,2025-03-04 13:03:02+00:00,"МИНФИН РФ ПРЕДЛАГАЕТ ПРОДЛИТЬ УКАЗ ОБ ОБЯЗАТЕЛЬНОЙ РЕПАТРИАЦИИ И ПРОДАЖЕ ЧАСТИ ВАЛЮТНОЙ ВЫРУЧКИ ЕЩЕ НА ОДИН ГОД - ВЕДОМСТВО


**Замечено Шпионом РЦБ.
Подключить:** @StockSpy_bot",[],[],[],False
68677,2025-03-04 13:02:08+00:00,"#ALRS
Минфин будет принимать решение по закупкам алмазов у Алросы в Гохран по итогам II квартала",['ALRS'],['ALRS'],[],False
68676,2025-03-04 13:01:33+00:00,"#ALRS
**Cделка по продаже доли Алросы в Катоке может быть закрыта в течение 1-2 месяцев,** она находится в продвинутой стадии - замглавы Минфина",['ALRS'],['ALRS'],[],False
68675,2025-03-04 12:47:17+00:00,"#Нефтянка
Нефть Brent идет пробивать $70",[],[],[],True
68674,2025-03-04 12:39:51+00:00,"#MTSS
**КОНСЕНСУС: МТС в IV кв. нарастила выручку на 13,6%, до 190,7 млрд руб., OIBDA - на 5,7%**
ПАО ""МТС"" в IV квартале 2024 года получило выручку в 190,73 млрд рублей, что на 13,6% выше показателя аналогичного периода 2023 года, таков консенсус-прогноз ""Интерфакса"", составленный на основе прогнозов аналитиков 8 инвесткомпаний и банков.

[MTSS](https://www.tinkoff.ru/invest/stocks/MTSS?utm_source=security_share) 245.65₽

👉[Полная новость](http://telegra.ph/KONSENSUS-MTS-v-IV-kv-narastila-vyruchku-na-136-do-1907-mlrd-rub-OIBDA---na-57-03-04-3)

**Замечено Шпионом РЦБ.
Подключить:** @StockSpy_bot",['MTSS'],['MTSS'],[],False
68673,2025-03-04 12:18:41+00:00,"#OKEY #Прогноз
**БРК прогнозирует рост акций OKEY до 70 руб (Х2)**

В декабре Группа **объявила о продаже гипермаркетов **собственному менеджменту. Ожидается, что сделка закроется в начале лета.

По нашему мнению, сделка, с одной стороны, позволит **высвободить ресурсы** для развития торговой сети и снижения давления процентных расходов на чистую прибыль, а с другой – **даст весомый ориентир по справедливым мультипликаторам** компании, что должно привести к переоценке ее акций.",[],[],[],False
68672,2025-03-04 12:00:59+00:00,"#OKEY
РАСПИСКИ OKEY GROUP ПОСЛЕ ЗАВЕРШЕНИЯ РЕДОМИЦИЛЯЦИИ ""БУДУТ ПРИЗНАНЫ"" АКЦИЯМИ БУДУЩЕГО МКПАО В СООТНОШЕНИИ 1:1 — компания",[],[],[],False
68671,2025-03-04 12:00:37+00:00,"#OKEY
OKEY GROUP МОЖЕТ ПРОВЕСТИ РЕДОМИЦИЛЯЦИЮ ИЗ ЛЮКСЕМБУРГА В РОССИЮ, АКЦИОНЕРАМ ПРЕДСТОИТ УТВЕРДИТЬ ЭТОТ ВОПРОС НА ВОСА 25 МАРТА - РЕЛИЗ


[OKEY](https://www.tinkoff.ru/invest/stocks/OKEY?utm_source=security_share) 33.35₽

**Замечено Шпионом РЦБ.
Подключить:** @StockSpy_bot",[],[],[],False
68670,2025-03-04 11:51:24+00:00,"#Политика
**Трамп попросил Путина выступить посредником на ядерных переговорах с Ираном. Путин согласился **— [Bloomberg](https://www.bloomberg.com/news/articles/2025-03-04/iran-putin-to-help-trump-broker-nuclear-talks-with-tehran?srnd=homepage-europe)",[],[],[],False
68669,2025-03-04 11:22:31+00:00,"#AFLT #Отчетность
**🖨 Аэрофлот: МСФО 4кв2024**

Выручка 220.2 млрд руб (+29% г/г, выше прогнозов)
Скорр. EBITDA 53.3 млрд руб (-12% г/г, ниже прогноза)
Скорр. прибыль 10.3 млрд руб (+5% г/г)

• Показатель EBITDA скорректирован на эффект страхового урегулирования отношений с иностранными арендодателями, резервы под ожидаемые кредитные убытки, резервы на предоплату за поставку воздушных судов, а также прочие резервы.",[],[],[],False
68668,2025-03-04 11:20:49+00:00,"#AFLT
ВЫРУЧКА АЭРОФЛОТА ПО МСФО В 4 КВ. ВЫРОСЛА НА 29%, ДО 220,2 МЛРД РУБ. (КОНСЕНСУС-ПРОГНОЗ - 215,9 МЛРД РУБ.)


[AFLT](https://www.tinkoff.ru/invest/stocks/AFLT?utm_source=security_share) 76.06₽

**Замечено Шпионом РЦБ.
Подключить:** @StockSpy_bot",[],[],[],False
68667,2025-03-04 10:52:56+00:00,"#PLZL
**КОНСЕНСУС: Аналитики ожидают роста EBITDA ""Полюса"" по итогам 2024 г на 46%, до $5,6 млрд**
Аналитики, опрошенные ""Интерфаксом"", ожидают роста EBITDA золотодобывающей компании ""Полюс"" по итогам II полугодия 2024 года в среднем на 66% по сравнению с аналогичным периодом 2023 года, до $3,5 млрд.

[PLZL](https://www.tinkoff.ru/invest/stocks/PLZL?utm_source=security_share) 19302.0₽

👉[Полная новость](http://telegra.ph/KONSENSUS-Analitiki-ozhidayut-rosta-EBITDA-Polyusa-po-itogam-2024-g-na-46-do-56-mlrd-03-04-2)

**Замечено Шпионом РЦБ.
Подключить:** @StockSpy_bot",[],[],[],False
68666,2025-03-04 10:46:47+00:00,"#VKCO
**Компания VK рассматривает возможность проведения публичного размещения акций своего IT-поставщика — VK Tech** — Коммерсантъ

В компании уточнили, что примут решение «с учетом рыночной конъюнктуры».",[],[],[],False
68665,2025-03-04 10:41:23+00:00,"#MOEX
**КОНСЕНСУС: Чистая прибыль Мосбиржи по МСФО в IV квартале выросла на 8,5%, до 21,8 млрд рублей**
""Московская биржа"" в четвертом квартале 2024 года увеличила чистую прибыль по МСФО на 8,5% по сравнению с аналогичным периодом предыдущего года, до 21,8 млрд рублей, показал консенсус-прогноз аналитиков, опрошенных ""Интерфаксом"".

[MOEX](https://www.tinkoff.ru/invest/stocks/MOEX?utm_source=security_share) 222.64₽

👉[Полная новость](http://telegra.ph/KONSENSUS-CHistaya-pribyl-Mosbirzhi-po-MSFO-v-IV-kvartale-vyrosla-na-85-do-218-mlrd-rublej-03-04-3)

**Замечено Шпионом РЦБ.
Подключить:** @StockSpy_bot",[],[],[],False
68664,2025-03-04 10:28:04+00:00,"#Политика
🇧🇾 Лукашенко поручил найти редкоземельные металлы в Белоруссии: ""надо копать, надо смотреть, что есть у нас в земле"" — РИА",[],[],[],False
68663,2025-03-04 10:16:43+00:00,"#HYPR #NFAZ
**В Москве к 2035 году почти весь наземный городской пассажирский транспорт государственного Мосгортранса будет работать на электрической тяге**, сообщили в столичном департаменте транспорта — Интерфакс 

Там отмечается, что с 2023 года в столицу поставили уже 1 300 инновационных электробусов. Всего с 2018 года в Москву поступили уже более 2 300 электробусов.

Экологичный транспорт работает более чем на 20% маршрутов столицы, отмечается в сообщении. В частности, электробусы курсируют более чем на 180 маршрутах.",[],[],[],True
68662,2025-03-04 09:10:57+00:00,"#Политика
🇷🇺 Нормализация отношений РФ и США должна предполагать снятие санкций — Песков",[],[],[],False
68661,2025-03-04 09:08:21+00:00,"#SGZH #AFKS
**Сегежа начала**[** **](https://www.e-disclosure.ru/portal/event.aspx?EventId=mxobvKnpvEWDk7BoTyJ5PQ-B-B)**размещение допэмиссии по закрытой подписке по 1.8 руб  **в пользу АФК Система

Ожидаемый объем привлечения — 101 млрд руб.",['AFKS'],['AFKS'],[],False
68660,2025-03-04 08:29:48+00:00,"#GAZP
Газпром 3 марта установил новый рекорд поставок газа в Китай по Силе Сибири",[],[],[],False
68659,2025-03-04 07:49:24+00:00,"#Макро
🐘 С момента инаугурации Трампа:

🇷🇺 Индекс Мосбиржи +9.6%
🇺🇸 Индексы S&P 500 и Nasdaq -3% и -5% соответственно",[],[],[],True
68658,2025-03-04 07:34:08+00:00,"#Политика
ЕС приостанавливает разработку нового пакета военной помощи Киеву на €20 млрд из-за Венгрии — Politico

Ранее о приостановке помощи заявили власти США.",[],[],[],False
68657,2025-03-04 07:11:55+00:00,"#Недвижимость
Сбербанк с 4 марта снижает ставки по базовым ипотечным программам на 1-1,5% в зависимости от размера первоначального взноса — [Домклик](https://blog.domclick.ru/novosti/post/sber-snizil-stavki-po-ipoteke)**

**Как пояснили в банке, это решение связано со снижением доходносии облигаций федерального займа (ОФЗ) и общей стоимостью фондирования на рынке в январе и феврале 2025 года.",[],[],[],False
68656,2025-03-04 07:09:43+00:00,"#Макро
Минэкономразвития на основе опережающих индикаторов видит **признаки охлаждения российской экономики** — Решетников.",[],[],[],False
68655,2025-03-04 07:04:44+00:00,"#RAGR
Русагро перенесла дату отчетности по МСФО на 18 марта",[],[],[],False
68653,2025-03-04 06:30:05+00:00,"#MGKL
**Группа ""МГКЛ"" в январе-феврале увеличила выручку в 6 раз г/г, до 2 млрд руб**
Группа ""МГКЛ"" , по предварительным данным, в январе-феврале 2025 года увеличила выручку до 2,04 млрд руб., что в 6,2 раза больше по сравнению с показателем за аналогичный период прошлого года, говорится в сообщении МГКЛ.

[MGKL](https://www.tinkoff.ru/invest/stocks/MGKL?utm_source=security_share) 2.5555₽

👉[Полная новость](http://telegra.ph/Gruppa-MGKL-v-yanvare-fevrale-uvelichila-vyruchku-v-6-raz-gg-do-2-mlrd-rub-03-04-2)

**Замечено Шпионом РЦБ.
Подключить:** @StockSpy_bot",[],[],[],False
68652,2025-03-04 06:29:52+00:00,"#LEAS
ЧИСТАЯ ПРИБЫЛЬ ""ЕВРОПЛАНА"" ПО МСФО ЗА 2024Г СОСТАВИЛА 14,9 МЛРД РУБЛЕЙ ПРОТИВ 14,8 МЛРД РУБЛЕЙ ГОДОМ РАНЕЕ - КОМПАНИЯ


[LEAS](https://www.tinkoff.ru/invest/stocks/LEAS?utm_source=security_share) 743.8₽

**Замечено Шпионом РЦБ.
Подключить:** @StockSpy_bot",[],[],[],False
68651,2025-03-04 05:28:32+00:00,"#Политика 
США приостановили поставки военной помощи Украине — ТАСС",[],[],[],False
68650,2025-03-03 20:14:04+00:00,"#Политика
США хотят скорейшего завершения боев на Украине, а не затягивания конфликта еще на годы — Трамп

Мы будем заключать сделки, чтобы завершить украинский конфликт — Трамп в ответ на вопрос об отмене или смягчении санкций на Россию

Россия и народ Украины хотят мирного урегулирования",[],[],[],False
68649,2025-03-03 20:12:26+00:00,"#Политика
Белый дом поручил госдепу и минфину представить перечень санкций, которые могут быть смягчены в рамках переговоров с Россией по Украине — Reuters",[],[],[],False
68648,2025-03-03 16:56:18+00:00,"#ABRD 
**Цена допэмиссии Абрау – Дюрсо — 275 руб**

Текущая цена 193 руб",[],[],[],False
68647,2025-03-03 16:46:49+00:00,"#Политика
🇺🇸 Трамп проведет сегодня встречу по поводу урегулирования украинского кризиса, включая возможную приостановку военной помощи - Axios",[],[],[],False
68646,2025-03-03 16:11:15+00:00,"#Политика
США исключают возможность прогресса в сделке по минералам, пока Зеленский на камеру не извинится** **за учиненный им скандал в Белом доме — Fox News",[],[],[],False
68645,2025-03-03 15:01:17+00:00,"#MOEX #ОбъемТоргов 
**💥 Мосбиржа опубликовала результаты торгов в феврале 2025**

Общий объем торгов 132.5 трлн руб (19% г/г)
Рынок акций, расписок и паев 4.9 трлн руб. (+122% г/г)
Рынок облигаций 2.9 трлн руб (+81% г/г)
Срочный рынок 12.4 трлн. руб. (+85% г/г)
Денежный рынок 100.3 трлн руб. (+41% г/г)",[],[],[],False
68643,2025-03-03 14:44:16+00:00,"#TGKA
**ТГК-1 не будет публиковать финотчетность по РСБУ за 2024 год**
ПАО ""ТГК-1"" приняло решение не публиковать финансовую отчетность по РСБУ по итогам деятельности за 2024 год, говорится в сообщении компании.

[TGKA](https://www.tinkoff.ru/invest/stocks/TGKA?utm_source=security_share) 0.007972₽

👉[Полная новость](http://telegra.ph/TGK-1-ne-budet-publikovat-finotchetnost-po-RSBU-za-2024-god-03-03-2)

**Замечено Шпионом РЦБ.
Подключить:** @StockSpy_bot",[],[],[],False
68642,2025-03-03 14:19:11+00:00,"#Политика
Трамп открыт к возобновлению переговоров с Зеленским по природным ресурсам, но лишь при условии, что тот изменит свою позицию — Белый дом",[],[],[],False
68641,2025-03-03 14:13:30+00:00,"#Политика
Терпение и кошельки США не безграничны, Киеву пора начать переговоры о мире — Белый дом

Зеленский упустил шанс экономически связать США и Украину на поколение вперед. США понимают, что Зеленский на сегодняшний день не готов к переговорам о мире, но время не на его стороне",[],[],[],False
68640,2025-03-03 13:39:28+00:00,"#Макро
🇪🇺 Акции оборонного сектора Европы растут поскольку инвесторы ожидают, что правительствам стран Европы придется увеличить расходы на оборону",[],[],[],True
68639,2025-03-03 13:21:43+00:00,"❗️ **Обновленная инструкция по Шпиону РЦБ**

Подробный разбор всех функций: с описанием и возможными стратегиями их использования в своей торговле. 

**Пользователю Шпиона РЦБ доступны следующие функции**
• Дельта
• Рейтинг акций по покупкам и продажам/
• Доступ к чату с аналитиком и другими пользователями
• Аномальные объемы
• Аномальные лимитки
• Моментальные новости из первоисточников
• Раскрытие корпоративной информации

Все эти функции подробно описаны в инструкции:

[👉 ЧИТАТЬ РУКОВОДСТВО](https://dzen.ru/a/Z4T3vjatYHRrNAs6)

Обязательно к прочтению перед подключением

[👉](https://dzen.ru/a/Z4T3vjatYHRrNAs6) [ПОДКЛЮЧИТЬСЯ К ШПИОНУ](https://t.me/StockSpy_bot)",[],[],[],True
68638,2025-03-03 13:00:32+00:00,"#AFLT
АЭРОФЛОТ ПРИВЕЛ ДИВИДЕНДНУЮ ПОЛИТИКУ К ЕДИНОМУ ДЛЯ ГОСКОМПАНИЙ ПОДХОДУ 50% ОТ СКОРР. ПРИБЫЛИ ПО МСФО


[AFLT](https://www.tinkoff.ru/invest/stocks/AFLT?utm_source=security_share) 71.2₽

**Замечено Шпионом РЦБ.
Подключить:** @StockSpy_bot",[],[],[],False
68637,2025-03-03 12:09:42+00:00,"#NVTK
**Совет директоров НОВАТЭКа 6 марта рассмотрит проведение внеочередного собрания акционеров**
Совет директоров ПАО ""НОВАТЭК"" 6 марта рассмотрит вопрос о проведении внеочередного собрания акционеров компании в заочной форме, говорится в сообщении эмитента.

[NVTK](https://www.tinkoff.ru/invest/stocks/NVTK?utm_source=security_share) 1245.0₽

👉[Полная новость](http://telegra.ph/Sovet-direktorov-NOVATEHKa-6-marta-rassmotrit-provedenie-vneocherednogo-sobraniya-akcionerov-03-03-2)

**Замечено Шпионом РЦБ.
Подключить:** @StockSpy_bot",['NVTK'],['NVTK'],[],False
68636,2025-03-03 12:03:29+00:00,"#VTBR 
Присоединение РНКБ к ВТБ не приведет к экономии для банка, в то время как присоединение ""Почта банка"" позволит достичь существенной экономии расходов — ВТБ",['VTBR'],['VTBR'],[],False
68635,2025-03-03 11:34:52+00:00,"#Политика
Избранный президент Абхазии Бадра Гунба назвал отношения с Россией одним из главных направлений работы властей Абхазии",[],[],[],False
68634,2025-03-03 11:13:15+00:00,"#Политика
Великобритания дистанцировалась от предложения президента Франции Макрона о прекращении огня на Украине сроком на один месяц, сославшись на опасения, что это может позволить России перегруппироваться и укрепить свои позиции — Financial Times",[],[],[],False
68633,2025-03-03 09:55:54+00:00,"**❗️Успейте получить гражданство Кыргызстана**

__Самую доступную по цене и срокам программу могут закрыть уже через месяц.__

Кыргызстан остается недорогим, быстрым и при этом юридически-прозрачным вариантом оформления второго гражданства. Получить паспорт может любой человек, родившийся до 21 декабря 1991 года в одной из четырех республик СССР – самой Киргизии, РСФСР (России), Белоруссии и Казахстане. 

Но с начала 2025 года появились негласные ограничения: процент отказов при самостоятельной подаче или через сторонних подрядчиков вырос до 98%. Однако у клиентов Bespalov Finance всё по-прежнему успешно — **100% кейсов доведены до результата, без отказов и задержек.
**
На данный момент процедура оформления занимает 4-6 месяцев, требуется минимум документов и всего два визита в Бишкек.

В своём телеграм-канале [Bespalov Finance](https://t.me/+sjZi4gkagz8yMWZi?erid=2Ranynf18PB) делятся реальными кейсами, инсайдерскими новостями и актуальными возможностями, о которых редко пишут в открытых источниках. 

**Подписывайтесь, чтобы не пропустить важное: **[**@bespalovfinance**](https://t.me/+sjZi4gkagz8yMWZi?erid=2Ranynf18PB)",[],[],[],True
68632,2025-03-03 09:47:01+00:00,"#Бонды
🇺🇦 Украинские гособлигации снижаются после визита президента Зеленского в Белый дом",[],[],[],True
68631,2025-03-03 09:38:17+00:00,"#HYDR
**Власти прорабатывают предложения по поддержке ""Русгидро"" — Минэнерго РФ**",[],[],[],False
68630,2025-03-03 09:37:43+00:00,"#Электрокары #HYPR
**Россия в 2024 году стала крупнейшим зарубежным рынком для Zeekr, производителя премиальных электромобилей.**

Zeekr (принадлежит Geely) продал за границей 13965 автомобилей, из них 7713 были проданы в Россию.

Официально Zeekr не присутствует в России, но присутствует в Беларуси и Казахстане, с которыми у России действует единый таможенный союз.",[],[],[],True
68629,2025-03-03 09:32:58+00:00,"#IMOEX 
**Индекс Мосбиржи достиг таргета** [аналитика Шпиона РЦБ](https://t.me/stockspy_bot)

[26 февраля](https://t.me/cbrstocks/68517): **Потенциально индекс Мосбиржи может снизиться к 3100-3130 (-5%)**",[],[],[],True
68628,2025-03-03 08:52:51+00:00,"#HYPR
Минстрой рекомендовал девелоперам выделять парковочные места с электрозарядными станциями для электромобилей — [Коммерсантъ](https://www.kommersant.ru/doc/7550361)

Ранее застройщик GloraX [заключил](https://glorax.com/press-center/news/glorax-zaklyuchil-soglashenie-snbspvedushim-operat/) соглашение об установке электрозарядных станций в своих ЖК **с федеральным оператором зарядной инфраструктуры для электромобилей Hyper** (тикер HYPR, торговый код ""Нов Энерг"").",[],[],[],False
68627,2025-03-03 08:49:46+00:00,"#Политика
**Пошлины США в размере 25% могут стоить Евросоюзу 1.5% ВВП** — Bloomberg

Европейская экономика слабее, чем была во время первого срока президента США Дональда Трампа, особенно в ее «ядре», где Франция и Германия отстают по темпам роста.

После вступления в должность Трамп заявил, что собирается ввести импортные пошлины на товары из стран ЕС. 26 февраля Трамп заявил, что его администрация в ближайшее время объявит о введении новых 25%-ных пошлин на импорт из ЕС, в том числе на автомобили. Трамп также обвинил Европу в недобросовестном отношении к США.",[],[],[],False
68626,2025-03-03 07:49:29+00:00,"#ALRS 
Динамика цен не необработанное сырье и полированные бриллианты с начала 2023 года",['ALRS'],['ALRS'],[],True
68625,2025-03-03 07:44:25+00:00,"#Алмазы #ALRS
**Чистый экспорт бриллиантов из Индии снижается 4 года подряд**

**Мировая алмазная отрасль переживает глубочайший кризис в своей истории** — [Rapaport](https://rapaport.com/magazine-article/the-2024-diamond-crisis-an-industry-at-its-breaking-point/)

На графике: экспорт полированных алмазов из Индии, основного центра полировки алмазов. Снижение объёма реализации приводит к снижению закупок у добытчиков алмазов, таких как Алроса.",['ALRS'],['ALRS'],[],True
68624,2025-03-03 07:42:47+00:00,"#ALRS #Алмазы
**Мировая алмазная отрасль переживает глубочайший кризис в своей истории** — [Rapaport](https://rapaport.com/magazine-article/the-2024-diamond-crisis-an-industry-at-its-breaking-point/) (мировой лидер в аналитике по рынку алмазов)

Резкое снижение спроса и цен на полированные алмазы, начавшееся в конце 2022 года и усилившееся в течение 2023 и 2024 годов имеет структурные причины:

1. **Конкуренция с синтетическими алмазами:** Занимают 50% рынка обручальных колец в США благодаря низким ценам, агрессивному маркетингу и улучшению качества.

2. **Структурные проблемы отрасли:** Жесткие обязательства по закупкам сырья, негибкая цепочка поставок, избыточные запасы и низкая маржа производителей.

3. **Экономические факторы:** Снижение спроса в Китае из-за кризиса недвижимости и замедления роста, а также переизбыток запасов у крупных брендов после санкций против России.

**Последствия**
**1. Падение цен: **Избыток предложения и избирательный спрос привели к резкому снижению цен на полированные алмазы.

**2. Финансовые потери: **Производители (особенно в Индии) сталкиваются с отрицательной рентабельностью из-за фиксированных затрат, обязательств перед работниками и необходимости продажи запасов по заниженным ценам.

**3. Риски для будущего: **Утрата доверия к натуральным алмазам, снижение притока молодежи в отрасль (особенно в США), а также конфликт между традиционными методами управления и новыми бизнес-подходами.",['ALRS'],['ALRS'],[],False
68622,2025-03-03 06:27:50+00:00,"#Политика
Подготовка к встрече Путина и Трампа идет ускоренными темпами — CNN",[],[],[],False
68621,2025-03-03 06:03:20+00:00,"#GAZP
**Bild узнала о переговорах спецпосланника Трампа по «Северному потоку-2»** — РБК

Cпецпосланник президента США Дональда Трампа по особым поручениям Ричард Гренелл нанес «несколько» неофициальных визитов в Швейцарию, чтобы обсудить возможность сделки по трубопроводу «Северный поток — 2» насчет поставок российского газа в Германию.

По данным издания, в Швейцарии уже «несколько недель» идут тайные переговоры о возможном соглашении между Россией и США. Вместе с тем, отмечает Bild, власти Германии заявили, что им ничего неизвестно о встречах Гренелла в Швейцарии, а сам спецпосланник отверг свою причастность.

По предполагаемому документу**, американская сторона может выступить в качестве посредника и направлять российский газ по трубам «Северного потока — 2»** в Мекленбург — Переднюю Померанию. Тогда США смогут контролировать снабжение Германию газом и «зарабатывать на этом деньги», уточнила газета.

После ремонта труб «Северного потока — 2», они могут быть **использованы для транспортировки водорода из Финляндии или возможных поставок газа из России после урегулирования конфликта на Украине.**",[],[],[],False
68620,2025-03-03 06:00:17+00:00,"#Уголь
Китай может возобновить контроль импорта угля после того, как ведущие отраслевые компании предупредили о растущем избыточном предложении — Bloomberg",[],[],[],False
68619,2025-03-03 05:54:14+00:00,"#Политика
3 марта Трамп встретится с американскими чиновниками, чтобы рассмотреть и, возможно, принять ряд мер в отношении Киева, речь может пойти и о прекращении военной помощи — NYT

Некоторые помощники Трампа настаивают на отставке Зеленского в качестве части любой возможной сделки по Украине",[],[],[],False
68618,2025-03-03 05:25:12+00:00,"#MOEX
**Объем торгов акциями в первые выходные дни на Московской бирже превысил 10 млрд рублей **— пресс-релиз

• Совокупный объем торгов в выходные — 10.1 млрд рублей
• Более 65 тысяч клиентов участников торгов заключили свыше 291 тысячи сделок
• Ликвидность в ходе торгов поддерживалась маткетмейкерами",[],[],[],False
68617,2025-03-02 14:43:37+00:00,"#Политика
**Администрация Трампа сомневается в готовности Зеленского завершить конфликт на Украине и желании добросовестно вести переговоры **— советник президента США по нацбезопасности Уолтц

США нужен украинский лидер, с которым можно вести дела",[],[],[],False
68616,2025-02-28 18:42:51+00:00,"#Политика
Перепалка Трампа и Зеленского, вероятно, ускорит усилия США по расследованию возможных нарушений при использовании Киевом помощи — Reuters",[],[],[],False
68615,2025-02-28 18:34:14+00:00,"#Политика
После публичной перепалки в Белом Доме Трамп лично попросил Зеленского уехать преждевременно — Fox News",[],[],[],False
68614,2025-02-28 18:25:15+00:00,"#Политика
Пресс-конференция Трампа и Зеленского отменена",[],[],[],False
68612,2025-02-28 18:21:21+00:00,"#Политика
Пришёл к выводу, что Зеленский не готов к миру — Трамп

Зеленский может вернуться ко мне, когда будет готов к миру — Трамп",[],[],[],False
68611,2025-02-28 17:43:52+00:00,"#Политика
**Отрывок из диалога между Трампом, Вэнсом и Зеленским**",[],[],[],True
68610,2025-02-28 17:22:15+00:00,"#Политика
Вы играете в Третью Мировую Войну — Трамп Зеленскому",[],[],[],False
68609,2025-02-28 16:28:13+00:00,"#Политика
🇺🇦 Президент Украины Зеленский прибыл в Белый дом",[],[],[],True
68608,2025-02-28 15:39:06+00:00,"#ALRS 
📉 Динамика операционной прибыли Алросы",['ALRS'],['ALRS'],[],True
68607,2025-02-28 13:51:17+00:00,"#ALRS #Алмазы
**📉**** Динамика цен на натуральные алмазы**: 
**
-16% за год**
**-22% за 10 лет**",['ALRS'],['ALRS'],[],True
68606,2025-02-28 13:40:15+00:00,"#ALRS 
**Cпрэд между натуральными и искусственными алмазами продолжает расширяться**

По цене 1 карата натурального бриллианта можно купить 4.5 карата искусственного",['ALRS'],['ALRS'],[],True
68605,2025-02-28 12:34:48+00:00,"#ALRS
**Чистая прибыль АЛРОСА по РСБУ за 2024 г упала в 10 раз, до 8,3 млрд рублей**
Чистая прибыль ""АЛРОСА"" по РСБУ за 2024 год упала более чем в 10 раз, до 8,32 млрд рублей с 83,4 млрд рублей годом ранее, сообщила компания в пятницу.

[ALRS](https://www.tinkoff.ru/invest/stocks/ALRS?utm_source=security_share) 60.17₽

👉[Полная новость](http://telegra.ph/CHistaya-pribyl-ALROSA-po-RSBU-za-2024-g-upala-v-10-raz-do-83-mlrd-rublej-02-28-3)

**Замечено Шпионом РЦБ.
Подключить:** @StockSpy_bot",['ALRS'],['ALRS'],[],False
68604,2025-02-28 11:44:49+00:00,"#MAGN
ММК планирует сохранить производство в 2025г на уровне 2024г — Рашников",['MAGN'],['MAGN'],[],False
68603,2025-02-28 11:31:24+00:00,"#ALRS #Отчетность
**🖨**** Алроса: МСФО 2П2024**

Выручка: 65 млрд руб (-51% г/г)
EBITDA: 15 млрд руб (-72% г/г)
Чистый убыток: 17 млрд руб (годом ранее прибыль 26 млрд руб)

Чистый долг вырос в три раза, до 108 млрд руб",['ALRS'],['ALRS'],[],False
68602,2025-02-28 11:28:13+00:00,"#ZAYM
МФО в 2024 году выдали займов на 1.5 трлн руб (+51% г/г) — ТАСС

Совокупный объем прибыли микрофинансовых организаций в прошлом году составил 52 млрд руб.",[],[],[],False
68601,2025-02-28 10:39:46+00:00,"АМЕРИКАНСКОЙ СТОРОНЕ НА КОНСУЛЬТАЦИЯХ В СТАМБУЛЕ БЫЛО ПРЕДЛОЖЕНО РАССМОТРЕТЬ ВОЗМОЖНОСТЬ ВОССТАНОВЛЕНИЯ ПРЯМОГО АВИАСООБЩЕНИЯ - МИД РФ


**Замечено Шпионом РЦБ.
Подключить:** @StockSpy_bot",[],[],[],False
68600,2025-02-28 10:23:26+00:00,"#KLVZ
**Калужский ""Кристалл"" за год после IPO инвестировал 954,4 млн руб. в развитие производства**
Калужский ликеро-водочный завод ""Кристалл"" (""КЛВЗ Кристалл"" - основная операционная компания ПАО ""АГ Кристалл"" ) за год после проведения IPO (февраль 2024 года) инвестировал 954,4 млн рублей в развитие производство.

[KLVZ](https://www.tinkoff.ru/invest/stocks/KLVZ?utm_source=security_share) 4.298₽

👉[Полная новость](http://telegra.ph/Kaluzhskij-Kristall-za-god-posle-IPO-investiroval-9544-mln-rub-v-razvitie-proizvodstva-02-28-2)

**Замечено Шпионом РЦБ.
Подключить:** @StockSpy_bot",[],[],[],False
68598,2025-02-28 10:02:00+00:00,"#РЗМ
Минфин РФ готов при необходимости оказывать поддержку компаниям по добыче редкоземельных металлов — замминистра",[],[],[],False
68597,2025-02-28 10:00:26+00:00,"#Советы
Майкл Сейлор рекомендует продавать почку, но биткоины не трогать.",[],[],[],True
68596,2025-02-28 08:35:03+00:00,**#IMOEX**** — максимальная коррекция с декабря: -6.5%**,[],[],[],True
68595,2025-02-28 08:10:06+00:00,"#IMOEX #Теханализ**
✅ Почти достигнут таргет по индексу Мосбиржи**",[],[],[],True
68594,2025-02-28 07:52:10+00:00,"#Макро
С начала 2025 года рубль вырос на 15% по отношению к доллару, чем показал лучший результат среди всех национальных валют — Bloomberg",[],[],[],False
68593,2025-02-28 07:23:55+00:00,"#RENI
**""Ренессанс страхование"" в 2024г увеличило чистую прибыль на 33% - до 10,9 млрд рублей**
Чистая прибыль универсальной страховой компании ""Ренессанс страхование"" за 2024 год увеличилась на 33% к уровню 2023 года и составила 10,9 млрд рублей, согласно данным отчетности компании в стандартах ОСБУ. Годом ранее показатель был на уровне 8,2 млрд рублей.

[RENI](https://www.tinkoff.ru/invest/stocks/RENI?utm_source=security_share) 129.24₽

👉[Полная новость](http://telegra.ph/Renessans-strahovanie-v-2024g-uvelichilo-chistuyu-pribyl-na-33---do-109-mlrd-rublej-02-28)

**Замечено Шпионом РЦБ.
Подключить:** @StockSpy_bot",[],[],[],False
68592,2025-02-28 07:18:01+00:00,"#Макро
**Международные инвесторы активно ищут пути обхода антироссийских санкций для покупки российских активов** — Bloomberg

Инвесторы скупают ""все, что имеет даже тончайшую связь с Россией"". По его данным, акции ""Русала"" на Гонконгской фондовой бирже в феврале выросли на 75%. Акции австрийского банка Raiffeisen и венгерского OTP выросли в текущем году на 35% и 11% соответственно. ",['RUAL'],[],['RUAL'],False
68591,2025-02-28 06:49:13+00:00,"#Макро
**Инфляция в РФ приближается к пику, ЦБ может начать снижать ставку во II полугодии - глава ВТБ Костин**",['VTBR'],[],['VTBR'],False
68590,2025-02-28 06:36:21+00:00,"#MOEX
**Мосбиржа планирует полноценно запустить торги по выходным с 5 июля**

C 1 марта торги будут проходить только на рынке акций.",[],[],[],False
68589,2025-02-27 16:29:35+00:00,"#APRI
**""АПРИ"" готов выкупать акции у несогласных с крупной сделкой по 11.8 руб**

-15% от текущей цены 13.91 руб",[],[],[],False
68588,2025-02-27 15:35:56+00:00,"#OZON 
ФАС не рассматривает вопрос сокращения числа ПВЗ Ozon и Wildberries — Ведомости",[],[],[],False
68587,2025-02-27 15:05:30+00:00,"#HYDR
ИСПРАВЛЕНО: ЧИСТЫЙ УБЫТОК РУСГИДРО ПО РСБУ В 2024 Г. СОСТАВИЛ 13,4 МЛРД РУБ. ПРОТИВ ПРИБЫЛИ 32,67 МЛРД РУБ. ГОДОМ РАНЕЕ - ОТЧЕТ


[HYDR](https://www.tinkoff.ru/invest/stocks/HYDR?utm_source=security_share) 0.5472₽

**Замечено Шпионом РЦБ.
Подключить:** @StockSpy_bot",[],[],[],False
68586,2025-02-27 14:51:11+00:00,"ЦБ РФ С 28 ФЕВРАЛЯ ПОВЫСИЛ ОФИЦИАЛЬНЫЙ КУРС ДОЛЛАРА США НА 1,77 РУБ., ДО 87,6967 РУБ.


**Замечено Шпионом РЦБ.
Подключить:** @StockSpy_bot",[],[],[],False
68585,2025-02-27 14:43:05+00:00,"**Россия занимает на внутреннем долговом рынке (ОФЗ) рекордные объемы с начала СВО, поскольку признаки потепления в отношениях с США повышают спрос на российские активы. **#цифры 

😀 @AK47pfl",[],[],[],True
68584,2025-02-27 13:50:20+00:00,"#Политика
🇺🇸 США 4 марта введут пошлины в отношении Китая, Канады и Мексики — Трамп",[],[],[],False
68583,2025-02-27 13:49:22+00:00,"#SVCB
**ЦБ РФ зарегистрировал допэмиссию Совкомбанка, размещаемую в рамках присоединения ХКФ банка**",[],[],[],False
68582,2025-02-27 13:26:55+00:00,"#Макро
📊 Топ стран с самым высоким уровнем рождаемости в мире",[],[],[],True
68581,2025-02-27 13:23:52+00:00,"#Политика
**Переговоры РФ и США в Стамбуле завершились**. Они продлились более 6 часов",[],[],[],False
68580,2025-02-27 13:06:15+00:00,"👁 **+7.3% к портфелю за месяц — итоги февраля в закрытой аналитике Шпиона РЦБ**

Напомним, Аналитика — дополнение, в котором профессиональный трейдер торгует по [данным Шпиона РЦБ](https://t.me/stockspy_bot), совмещая с теханализом и грамотным риск-менеджментом. А также аналитик регулярно проводит онлайн-звонки с пользователями и общается в чате, отвечая на вопросы. 
**
Статистика аналитика в январе:**
Доходность — +7.3% (+88% годовых) при плане +4% в месяц
WinRate — 63%
Количество идей — 30 (часть из них на скриншотах)
Средний профит — +2.6%
Средний убыток — -1.1%

**По итогам 7 месяцев доходность +31% **(индекс Мосбиржи +10%)
✅ 6 из 7 месяцев выполнен план (из них 3 месяца план перевыполнен)
✅ Ни одного убыточного месяца 

**👉 **[**Следить за Шпионом РЦБ**](https://t.me/stockspy_bot)** и сделками аналитика**",[],[],[],True
68579,2025-02-27 12:25:09+00:00,"ПУТИН: ПЕРВЫЕ КОНТАКТЫ С НОВОЙ АДМИНИСТРАЦИЕЙ США ВСЕЛЯЮТ НАДЕЖДЫ, ЕСТЬ ВСТРЕЧНОЕ ЖЕЛАНИЕ РЕШАТЬ ПРОБЛЕМЫ


**Замечено Шпионом РЦБ.
Подключить:** @StockSpy_bot",[],[],[],False
68578,2025-02-27 12:17:30+00:00,"#OZON
В краткосрочной перспективе Ozon не планирует запускать своего брокера на рынке ценных бумаг. Но в будущем не исключено — компания",[],[],[],False
68577,2025-02-27 12:14:42+00:00,"#OZON
**Чистая прибыль — не показатель качества бизнеса.** Денежный поток важнее — Ozon

Операционный денежный поток перекрывает долги — компания",[],[],[],False
68576,2025-02-27 12:11:23+00:00,"#OZON
Рассчитываем, что в течение 2025 года процесс редомициляции будет завершен — Ozon",[],[],[],False
68575,2025-02-27 12:11:00+00:00,"#OZON
**Решения и обсуждения по дивидендам нет.** До редомициляции это нет смысла обсуждать — OZON",[],[],[],False
68574,2025-02-27 12:08:12+00:00,"#OZON #Прогноз
**EBITDA Ozon в 2025 году составит 70-90 млрд руб **(40 млрд в 2024) — компания",[],[],[],False
68573,2025-02-27 11:57:53+00:00,"#OZON
Финансовые результаты Ozon Fintech 

Компания ожидает продолжения сильного роста направления.",[],[],[],True
68567,2025-02-27 11:31:09+00:00,"#Аналитика
**Перфоманс токенов с 23:00, у которых был аномально низкий фандинг перед отскоком BTC:**

#KAITO +16%
#VANRY +6%
#COW -1% (но в моменте +8%)
#DODO +5%
#RONIN +4.4%

Метрика Фандинг топ помогает находить идеи с самым высоким потенциалом на шорт и лонг сквиз.

Отрицательный фандинг означает, что цена фьючерса сильно ниже цены спота — говорит об аномальном скоплении шортов в активе. Особенно показательна реакция #KAITO, фандинг которого был в 5 раз ниже второго места в топе.

Когда рынок начинает расти широким фронтом, токены с сильным отрицательным фандингом, высоковероятно, будут аутперформить благодаря ликвидациям шортов.

Следить за метрикой Фандинг топ в реальном времени:
👉 @StockSpy_bot",[],[],[],True
68565,2025-02-27 09:40:19+00:00,"#Политика
С политической волей РФ и США пройдут процесс урегулирования украинского конфликта — пресс-секретарь президента РФ Песков",[],[],[],False
68564,2025-02-27 09:18:48+00:00,"#Политика
Мы исхoдим из сценария, чтo никакие санкции не снимут, бoлее тoгo, чтo их ужестoчат — глава Сбера Греф",[],[],[],False
68563,2025-02-27 09:08:53+00:00,"#Макро #Прогноз
Сбер повысил прогнозы по ВВП и инфляции в РФ на 2025 год",[],[],[],True
68562,2025-02-27 08:53:18+00:00,"#Цифры
😱 Индекс страха и жданости на минимуме с июня 2022.",[],[],[],True
68561,2025-02-27 08:50:26+00:00,"#SBER
Средства физлиц на вкладах Сбера выросла на 21.5% в 2024 году",[],[],[],True
68560,2025-02-27 08:46:28+00:00,"#ABRD
**Средства от размещения допэмиссии ""Абрау-Дюрсо"" будут направлены на развитие группы** — основной акционер компании",[],[],[],False
68559,2025-02-27 08:45:17+00:00,"#SBER
Благодарим Apple за уход. Теперь можем развивать бесконтактные методы оплаты — глава Сбера Греф",[],[],[],False
68558,2025-02-27 08:42:44+00:00,"#SBER
Количество розничных клиентов Сбера выросло до 109.9 млн человек (+1.4 млн за год)",[],[],[],True
68557,2025-02-27 08:41:55+00:00,#SBER,[],[],[],True
68556,2025-02-27 08:41:41+00:00,"#SBER
Сбер выполнил все прогнозируемые цели на 2024 год",[],[],[],True
68555,2025-02-27 08:37:29+00:00,"#SBER #SBERP
СБЕРБАНК СОХРАНИЛ ПРОГНОЗЫ ПО ОСНОВНЫМ ФИНАНСОВЫМ ПОКАЗАТЕЛЯМ НА 2025Г, ЖДЕТ МАРЖУ СВЫШЕ 5,6%


[SBER](https://www.tinkoff.ru/invest/stocks/SBER?utm_source=security_share) 308.66₽
[SBERP](https://www.tinkoff.ru/invest/stocks/SBERP?utm_source=security_share) 307.35₽

**Замечено Шпионом РЦБ.
Подключить:** @StockSpy_bot",[],[],[],False
68554,2025-02-27 08:23:57+00:00,"#RUAL
**Русал в конце 2025 г планирует запустить опытное производство 1,5 т скандия из шлама, может увеличить выпуск до 19 т** — Интерфакс",['RUAL'],['RUAL'],[],False
68553,2025-02-27 07:54:20+00:00,"#Макро
⚡️ Ключевая ставка в 21% это тот уровень, который необходим для достижения цели по инфляции в 4% — глава ЦБ РФ Набиуллина",[],[],[],False
68552,2025-02-27 07:39:21+00:00,"#Банки
К широкому внедрению цифрового рубля перейдем несколько позже планов (1 июля 2025). Новую дату назовём позже — Набиуллина",[],[],[],False
68551,2025-02-27 07:37:31+00:00,"**Hyper (HYPR) — федеральный оператор электродвижения с потенциалом роста акций на 50-500%. **#аналитика** **#мнение

✍️ Источники РДВ обновили целевую цену акций Hyper: 366-1589 рублей (текущая 250). Потенциал роста 50-500% https://t.me/AK47pfl/19272
✍️ 1200 ЭЗС к 2027 году https://t.me/AK47pfl/19274
✍️ Стратегия масштабирования без вложений собственных средств https://t.me/AK47pfl/19275
✍️ 5 новых регионов, включая Москву в 1 квартале 2025 https://t.me/AK47pfl/19276
✍️ Потенциальный «белый лебедь» https://t.me/AK47pfl/19277

😀 @AK47pfl",[],[],[],True
68550,2025-02-27 07:31:49+00:00,"⚡️⚡️⚡️ **Главы ВЭБа и АСИ специально приехали в Нижний Новгород смотреть продукт Hyper (HYPR). Это событие может стать решающим для масштабирования компании.** #хайпердрайв

✍️ ВЭБ - финансирует проекты в сфере развития городов и городского электротранспорта, в т.ч. [планирует](https://t.me/AK47pfl/19372) выдавать **льготные кредиты** на строительство  **сети из 500 электрохабов быстрой зарядки**.

✍️ АСИ - включила Hyper и его подход к организации электротакси в свой атлас сервисно-инфраструктурных решений для масштабирования в регионы РФ.

Подробнее:
👉 https://t.me/razvivaemrf/7262
👉 https://t.me/ASI_RU/8127

😀 @AK47pfl",[],[],[],False
68549,2025-02-27 07:22:09+00:00,"#Банки
Рост кредита в дальнейшем вне зависимости от ДКП неизбежно будет более умеренным, чем в предыдущие два года, избытка капитала нет — Набиуллина",[],[],[],False
68548,2025-02-27 07:20:20+00:00,"НАБИУЛЛИНА: СТРОИТЕЛЬНАЯ ОТРАСЛЬ, ПО ОЦЕНКЕ ЦБ, ВПОЛНЕ СПОСОБНА ПЕРЕЖДАТЬ ВРЕМЕННОЕ ЗАМЕДЛЕНИЕ ИПОТЕКИ, ЕСТЬ НАКОПЛЕННЫЙ ЗАПАС ПРИБЫЛИ


**Замечено Шпионом РЦБ.
Подключить:** @StockSpy_bot",[],[],[],False
68547,2025-02-27 07:17:26+00:00,"#Банки
Сокращение кредита, вероятно, продолжится в феврале, но не выходя за рамки сезонности. Кредитного сжатия не ожидаем — глава ЦБ РФ Набиуллина

Потребкредитование в РФ в 2025 году может показать динамику от -1% до +4%

Банки должны сосредоточиться на укреплении капитала, упреждении кредитных рисков и работе с проблемной задолженностью",[],[],[],False
68546,2025-02-27 07:15:47+00:00,"#Банки
**ЦБ прогнозирует прибыль банков в 2025 году на уровне 3-3.5 трлн руб.** Меньше, но сопоставимо с 2024 годом — глава ЦБ РФ Набиуллина",[],[],[],False
68545,2025-02-27 07:12:20+00:00,"#FIXP
**Fix Price в IV квартале нарастил выручку на 7,4%, до 87,7 млрд рублей**
Выручка Fix Price в IV квартале 2024 года выросла на 7,4% по сравнению с аналогичным периодом прошлого года и составила 87,7 млрд рублей, говорится в сообщении компании.

[FIXP](https://www.tinkoff.ru/invest/stocks/FIXP?utm_source=security_share) 190.2₽

👉[Полная новость](http://telegra.ph/Fix-Price-v-IV-kvartale-narastil-vyruchku-na-74-do-877-mlrd-rublej-02-27)

**Замечено Шпионом РЦБ.
Подключить:** @StockSpy_bot",[],[],[],False
68544,2025-02-27 06:52:09+00:00,"#Политика
Делегация РФ прибыла для переговоров с США в резиденцию американского генконсула в Стамбуле — ТАСС",[],[],[],False
68543,2025-02-27 06:34:12+00:00,"#OZON #Отчетность
🖨 Ozon: МСФО 4кв и 2024 год",[],[],[],True
68542,2025-02-27 06:32:40+00:00,"#OZON
**Ozon в IV кв. нарастил GMV на 52% - до 953 млрд руб., скорр. EBITDA составила 16,8 млрд руб.**
Ozon в IV квартале 2024 года нарастил оборот (GMV), включая услуги, на 52% - до 953 млрд рублей, говорится в отчете компании.

[OZON](https://www.tinkoff.ru/invest/stocks/OZON?utm_source=security_share) 4094.0₽

👉[Полная новость](http://telegra.ph/Ozon-v-IV-kv-narastil-GMV-na-52---do-953-mlrd-rub-skorr-EBITDA-sostavila-168-mlrd-rub-02-27-2)

**Замечено Шпионом РЦБ.
Подключить:** @StockSpy_bot",[],[],[],False
68541,2025-02-27 06:32:11+00:00,"#OZON
GMV OZON В IV КВ. 2024Г ВЫРОС НА 52% - ДО 953,03 МЛРД РУБЛЕЙ, ХУЖЕ ПРОГНОЗА


[OZON](https://www.tinkoff.ru/invest/stocks/OZON?utm_source=security_share) 4094.0₽

**Замечено Шпионом РЦБ.
Подключить:** @StockSpy_bot",[],[],[],False
68540,2025-02-26 18:39:34+00:00,"#Политика
Гарантий, что украинский конфликт удастся урегулировать, нет, так как при обсуждении сделок могут происходить удивительные вещи — Трамп

В рамках украинского урегулирования президент США не планирует ослаблять санкции против РФ, по его словам, он намерен заняться этим позже",[],[],[],False
68539,2025-02-26 17:45:01+00:00,"#Политика
России тоже придётся идти на уступки для достижения мира на Украине — Трамп",[],[],[],False
68538,2025-02-26 17:42:33+00:00,"😊 Оказывается, нам подарок прислали. Спасибо, Ruslan🩷",[],[],[],True
68537,2025-02-26 16:04:18+00:00,"#GAZP
Добыча газа в РФ в аномально теплом январе сократилась на 4%, до 62,5 млрд куб. м — Росстат",[],[],[],False
68536,2025-02-26 16:00:58+00:00,"#GAZP #NVTK
**Производство СПГ в РФ в январе сократилось г/г на 2,9% - до 3 млн т, к декабрю упало на 6,5%**
Производство сжиженного природного газа в России в январе 2025 года сократилось на 2,9% - до 3,0 млн т, сообщил Росстат в среду.

[GAZP](https://www.tinkoff.ru/invest/stocks/GAZP?utm_source=security_share) 171.4₽
[NVTK](https://www.tinkoff.ru/invest/stocks/NVTK?utm_source=security_share) 1299.8₽

👉[Полная новость](http://telegra.ph/Proizvodstvo-SPG-v-RF-v-yanvare-sokratilos-gg-na-29---do-3-mln-t-k-dekabryu-upalo-na-65-02-26-2)

**Замечено Шпионом РЦБ.
Подключить:** @StockSpy_bot",['NVTK'],['NVTK'],[],False
68535,2025-02-26 16:00:34+00:00,"ГОДОВАЯ ИНФЛЯЦИЯ В РФ НА 24 ФЕВРАЛЯ УСКОРИЛАСЬ ДО 10,11% С 10,00% НА 17 ФЕВРАЛЯ, СЛЕДУЕТ ИЗ ДАННЫХ РОССТАТА


**Замечено Шпионом РЦБ.
Подключить:** @StockSpy_bot",[],[],[],False
68534,2025-02-26 16:00:16+00:00,"ИНФЛЯЦИЯ В РФ С 18 ПО 24 ФЕВРАЛЯ СОСТАВИЛА 0,23% ПОСЛЕ 0,17% С 11 ПО 17 ФЕВРАЛЯ - РОССТАТ


**Замечено Шпионом РЦБ.
Подключить:** @StockSpy_bot",[],[],[],False
68533,2025-02-26 14:08:41+00:00,"#Бонды
🇷🇺 **Минфин РФ разместил ОФЗ 

— ПД-26248 на 142.4 млрд руб **под 16.50% при спросе 239.8 млрд руб

—  **ПД-26225 на 50 млрд руб** под 15.98%  спросе 84.53 млрд млн рублей по номиналу.",[],[],[],False
68532,2025-02-26 13:59:25+00:00,"#GAZP #SIBN
Газпром Нефть передала Газпрому 5.15% акций сербской нефтяной компании NIS",['SIBN'],['SIBN'],[],False
68531,2025-02-26 13:04:05+00:00,"**❗️ Последний день сниженных цен на подключение к**[** Шпиону РЦБ**](https://t.me/stockspy_bot)

Сэкономьте до 23% и получите доступ к уникальным данным, которые совмещают обработанный поток биржевых данных, ИИ-анализ рынка, живую аналитику и покрытие главных событий на рынках. 

[**👉**](https://t.me/stockspy_bot) [Подробнее о Шпионе](https://dzen.ru/a/Z4T3vjatYHRrNAs6)

[**👉 Подключиться к Шпиону**](https://t.me/stockspy_bot)",[],[],[],True
68530,2025-02-26 12:56:18+00:00,"#RTKM #RTKMP
**Новая стратегия Ростелекома может быть вынесена на утверждение совета директоров во II полугодии** — компания",['MTSS'],[],['MTSS'],False
68529,2025-02-26 12:32:41+00:00,"#Макро
Налоговые поступления в бюджетную систему РФ в 2024 году выросли на 20% — ТАСС

Они достигли 56.3 трлн рублей",[],[],[],False
68528,2025-02-26 12:27:53+00:00,"#Политика
Переговоры делегаций РФ и США ""на техническом уровне"" состоятся в четверг в Стамбуле — представитель МИД Турции",[],[],[],False
68527,2025-02-26 10:25:41+00:00,"#Политика
**Такого не будет, у нас есть конституция** — Лавров о возможности заморозки конфликта на Украине по линии соприкосновения",[],[],[],False
68526,2025-02-26 10:22:34+00:00,"#Политика
РФ не рассматривает никаких вариантов с размещением европейских миротворцев на Украине, Москву об этом никто не спрашивал — глава МИД РФ Лавров",[],[],[],False
68525,2025-02-26 09:31:48+00:00,"#ЦБРФ
ЦБ РФ ведет дискуссию с Минюстом по обособлению бумаг недостаточно раскрывающих информацию эмитентов — первый зампред ЦБ Чистюхин",[],[],[],False
68524,2025-02-26 09:17:47+00:00,"#Политика
🇷🇺 **Планов по новому разговору Путина и Трампа пока нет, но при необходимости он всегда может состояться**",[],[],[],False
68523,2025-02-26 08:55:18+00:00,"#VTBR #Отчетность
**Чистая прибыль ВТБ за январь по РСБУ снизилась в 4.4 раза – до 5.11 млрд руб.**",['VTBR'],['VTBR'],[],False
68522,2025-02-26 08:51:57+00:00,"#Макро 
Динамика годовой, наблюдаемой и ожидаемой населением инфляции — ЦБ РФ",[],[],[],True
68521,2025-02-26 08:50:31+00:00,"#Макро #Прогноз
**Аналитики ожидают достижения таргета по инфляции 4% уже в 2027 году** —  ЦБ РФ",[],[],[],False
68520,2025-02-26 08:49:30+00:00,"#Макро #Прогноз
**Аналитики ожидают инфляцию 6.8% в 2025 году** — опрос ЦБ РФ",[],[],[],False
68519,2025-02-26 08:49:00+00:00,"#ЦБРФ #Макро
**Инфляционные ожидания населения уменьшились**, но остаются высокими — ЦБ РФ

В феврале медианная оценка инфляционных ожиданий населения на годовом горизонте снизилась до 13,7%.

Медиана долгосрочных ожиданий на пять лет не изменилась и составляла 12,3%. 

Наблюдаемая населением годовая инфляция также осталась практически без изменений и была равна 16,5%.",[],[],[],False
68518,2025-02-26 08:45:46+00:00,"#Политика #Нефтянка
Председатель Еврокомиссии Урсула фон дер Ляйен обратится за помощью к премьер-министру Индии Нарендре Моди, чтобы тот **помог обеспечить соблюдение санкций в отношении России** — Bloomberg",[],[],[],False
68517,2025-02-26 08:23:21+00:00,"#IMOEX #Теханализ
**Потенциально индекс Мосбиржи может снизиться к 3100-3130 (-5%)** — [аналитик Шпиона РЦБ](https://t.me/stockspy_bot)

❗️ Что для этого необходимо с точки зрения технического анализа?

1) Пробитие трендовой, точка соприкосновения сейчас ~3320

2) Важно увидеть проторговку (боковик) под этой трендовой. Тогда сформируется цикл: разворот — экспансия — боковик — экспансия

3) После проторговки под трендовой стоит ожидать, что будет импульсивное движение прямо к зоне поддержки в районе 3100",[],[],[],True
68516,2025-02-26 07:21:14+00:00,"#Политика
Ежегодный съезд РСПП состоится 18 марта — президент союза Шохин

РСПП — российский союз промышленников и предпринимателей",[],[],[],False
68515,2025-02-26 06:49:54+00:00,"#RTKM #RTKMP
**Выручка Ростелекома в IV квартале выросла на 12% - до 233,9 млрд рублей**
Выручка ПАО ""Ростелеком"" в IV квартале 2024 года составила 233,9 млрд рублей, что на 12% больше, чем за аналогичный период предыдущего года, говорится в сообщении компании.

[RTKM](https://www.tinkoff.ru/invest/stocks/RTKM?utm_source=security_share) 79.01₽
[RTKMP](https://www.tinkoff.ru/invest/stocks/RTKMP?utm_source=security_share) 68.6₽

👉[Полная новость](http://telegra.ph/Vyruchka-Rostelekoma-v-IV-kvartale-vyrosla-na-12---do-2339-mlrd-rublej-02-26-2)

**Замечено Шпионом РЦБ.
Подключить:** @StockSpy_bot",['MTSS'],[],['MTSS'],False
68514,2025-02-26 06:17:57+00:00,"#Нефтянка
Энергетическая компания BP откажется от своего обещания сократить добычу нефти и газа из-за финансовых проблем — FT",[],[],[],False
68513,2025-02-26 06:03:11+00:00,"#Политика
**🇺🇸**** Президент США Трамп ночью:**

• Украине понадобится миротворческий контингент, который устроит все стороны.
• Не возражает против визита Зеленского в пятницу.
• Украинский конфликт может быть урегулирован быстро, но не исключены иные сценарии.
**• США пока не занимались отменой санкций против РФ**, но начнут ""на каком-то этапе"".
• **Штаты заинтересованы в редкоземельных металлах, нефти и газе из РФ.**",[],[],[],False
68512,2025-02-25 19:15:23+00:00,"#Политика
**Киев согласился на новые условия сделки по редкоземельным металлам с США после отказа Вашингтона от требования возместить 500 миллиардов долларов** — FT

Отмечается, что финальная версия соглашения не содержит упоминаний о гарантиях безопасности со американской стороны.",[],[],[],False
68511,2025-02-25 19:14:18+00:00,"#Политика
Сделка по украинскому урегулированию **оставит стороны «немного несчастными», **—** **пресс-секретарь Белого дома Кэролайн Ливитт.",[],[],[],False
68510,2025-02-25 14:58:45+00:00,"#OZON
**КОНСЕНСУС: Ozon в IV кв. нарастил GMV на 52,9% - до 956,7 млрд руб., выручку - на 53,9%**
Маркетплейс Ozon в IV квартале 2024 года нарастил оборот (GMV), включая услуги, на 52,9% в годовом исчислении - до 956,68 млрд рублей, таков консенсус-прогноз ""Интерфакса"", составленный на основании подсчетов аналитиков 5 инвесткомпаний и банков.

[OZON](https://www.tinkoff.ru/invest/stocks/OZON?utm_source=security_share) 4180.0₽

👉[Полная новость](http://telegra.ph/KONSENSUS-Ozon-v-IV-kv-narastil-GMV-na-529---do-9567-mlrd-rub-vyruchku---na-539-02-25-3)

**Замечено Шпионом РЦБ.
Подключить:** @StockSpy_bot",[],[],[],False
68509,2025-02-25 14:25:08+00:00,"#FLOT
❗️ Совкомфлот 7 марта отчитается по МСФО за 2024 год",[],[],[],False
68507,2025-02-25 13:56:27+00:00,"#BTC**
Зашортить биткоин и заработать: на что указывали Дельта и аналитик в **[**Крипто Шпионе**](https://t.me/stockspy_bot)

**1️⃣ Дельта**
Пока BTC был в боковике последние 2.5 недели, дельта в нем стабильно снижалась, указывая на силу продавца.

Как это использовать:
1. Шортить на отскоке от верхней границы боковика
2. Шортить на пробое нижней границы (желательно, дождавшись подтверждения и проторговки ниже уровня).

Таким образом, пользователи [Шпиона](https://t.me/stockspy_bot) могли получить два сигнала на шорт.

[ 👉 Как пользоваться дельтой](https://t.me/usa100cks/22796)
**
2️⃣ Сообщения аналитика
**Еще в начале февраля в чате пользователей Шпиона аналитик писал, что ждет BTC по $89 тыс.

Доходность +9%.

**Получить доступ к сигналам и аналитике Крипто Шпиона**

**👉 ****@StockSpy_bot**

__🎁 Акция с дополнительными скидками до 23% заканчивается уже завтра!__",[],[],[],True
68506,2025-02-25 13:03:32+00:00,"#SBER #SBERP
**КОНСЕНСУС: Сбербанк в 2024г увеличил чистую прибыль по МСФО до 1,589 трлн руб., в IV кв. - до 362,1 млрд руб.**
Сбербанк в четвертом квартале 2024 года увеличил чистую прибыль по МСФО на 0,7% - до 362,1 млрд рублей по сравнению с 359,7 млрд рублей прибыли годом ранее, следует из консенсус-прогноза аналитиков, опрошенных ""Интерфаксом"".

[SBER](https://www.tinkoff.ru/invest/stocks/SBER?utm_source=security_share) 316.99₽
[SBERP](https://www.tinkoff.ru/invest/stocks/SBERP?utm_source=security_share) 315.68₽

👉[Полная новость](http://telegra.ph/KONSENSUS-Sberbank-v-2024g-uvelichil-chistuyu-pribyl-po-MSFO-do-1589-trln-rub-v-IV-kv---do-3621-mlrd-rub-02-25)

**Замечено Шпионом РЦБ.
Подключить:** @StockSpy_bot",[],[],[],False
68504,2025-02-25 10:48:16+00:00,"#UPRO
CEO UNIPER: МЫ ПРИСТУПИМ К ПЕРЕГОВОРАМ О ПРОДАЖЕ ЮНИПРО, КОГДА БУДЕТ ПРАВИЛЬНОЕ ВРЕМЯ, СЕЙЧАС НИКАКИХ КОНТАКТОВ С МЕНЕДЖМЕНТОМ В РФ НЕТ


[UPRO](https://www.tinkoff.ru/invest/stocks/UPRO?utm_source=security_share) 2.698₽

**Замечено Шпионом РЦБ.
Подключить:** @StockSpy_bot",[],[],[],False
68503,2025-02-25 10:33:21+00:00,"#VTBR #Дивиденды
**Пока не можем четко ответить, будут ли дивиденды за 2025 год **— представитель ВТБ на звонке с инвесторами",['VTBR'],['VTBR'],[],False
68502,2025-02-25 10:21:01+00:00,"#Политика
**Никаких встреч в Эр-Рияде с участием МИД РФ сегодня не происходит** — дипведомство",[],[],[],False
68501,2025-02-25 09:23:35+00:00,"#Политика
Сотрудничество с США по редкоземельным металлам может начаться лишь после нормализации отношений и украинского урегулирования — пресс-секретарь президента РФ Песков",[],[],[],False
68500,2025-02-25 09:09:58+00:00,"#IPO 
Провайдер систем наблюдения Видеоглаз допустил IPO в 2027-2028 гг",[],[],[],False
68499,2025-02-25 08:51:57+00:00,"#FESH
Контейнерный рынок России в январе 2025 г. увеличился на 6,1% по сравнению с аналогичным месяцем прошлого года, до 545 тыс. TEU — Fesco",[],[],[],False
68498,2025-02-25 08:25:48+00:00,"#Металлурги
**В РФ началось проектирование завода по производству редкоземельных металлов**

Завод построят на площадке ОАО ""Соликамский магниевый завод"".",[],[],[],False
68497,2025-02-25 07:23:40+00:00,"☺️😊😇🙂 Справедливая **цена акций EN+ (**[**ENPG**](https://neo.putinomics.ru/dashboard/ENPG/MOEX)**) 900 рублей, потенциал роста +75%. **#оценка

😀 @AK47pfl",[],[],[],True
68496,2025-02-25 07:16:27+00:00,"**EN+ **[**(ENPG)**](https://neo.putinomics.ru/dashboard/ENPG/MOEX)*** — в тройке с Русалом **[**(RUAL)**](https://neo.putinomics.ru/dashboard/RUAL/MOEX)** и Норникелем **[**(GMKN)**](https://neo.putinomics.ru/dashboard/GMKN/MOEX)** может стать лидером роста среди всех. **#аналитика 

Рынок до сих пор «не заметил» существенный дисконт к своим дочкам, который составляет 50%.

__* EN+ __[__(ENPG)__](https://neo.putinomics.ru/dashboard/ENPG/MOEX)__ — владелец 57% Русала, гидроэлектростанций в Сибири и 26.4% Норникеля (через Русал).__

😀 @AK47pfl",['RUAL'],[],['RUAL'],True
68495,2025-02-25 07:08:21+00:00,"#SMLT #PLUS
**Самолет Плюс: операционные результаты 2024**

Выручка: 7.9 млрд руб (рост в 6.7 раза)
Долг: 0.8 млрд руб (-92%)",[],[],[],False
68494,2025-02-25 07:01:11+00:00,"#VTBR
ВТБ В 2025Г ПРОГНОЗИРУЕТ РОСТ КРЕДИТНОГО ПОРТФЕЛЯ НА 5-6%, В РОЗНИЦЕ ЖДЕТ СОКРАЩЕНИЕ БОЛЕЕ ЧЕМ НА 10% - ПЕРВЫЙ ЗАМПРЕД


[VTBR](https://www.tinkoff.ru/invest/stocks/VTBR?utm_source=security_share) 97.07₽

**Замечено Шпионом РЦБ.
Подключить:** @StockSpy_bot",['VTBR'],['VTBR'],[],False
68493,2025-02-25 07:01:00+00:00,"#VTBR
ВТБ ПЕРЕДАЛ НА БАЛАНС СПЕЦКОМПАНИИ 98 МЛРД РУБ ЗАБЛОКИРОВАННЫХ АКТИВОВ, ПОЧТИ ВДВОЕ МЕНЬШЕ ПЛАНА - ПЕРВЫЙ ЗАМПРЕД


[VTBR](https://www.tinkoff.ru/invest/stocks/VTBR?utm_source=security_share) 97.07₽

**Замечено Шпионом РЦБ.
Подключить:** @StockSpy_bot",['VTBR'],['VTBR'],[],False
68492,2025-02-25 07:00:49+00:00,"#VTBR
ВТБ В 2024 ГОДУ ЗАРАБОТАЛ РЕКОРДНУЮ ПРИБЫЛЬ ПО МСФО В 551,4 МЛРД РУБ., ПОКАЗАВ РОСТ НА 28% - ОТЧЕТ


[VTBR](https://www.tinkoff.ru/invest/stocks/VTBR?utm_source=security_share) 97.07₽

**Замечено Шпионом РЦБ.
Подключить:** @StockSpy_bot",['VTBR'],['VTBR'],[],False
68491,2025-02-25 06:48:50+00:00,"#Политика
🇬🇧 Лондон не исключает возможности возвращения Москвы в состав G7 — глава МВД Великобритании",[],[],[],False
68490,2025-02-25 06:44:27+00:00,"#MGKL
Группа МГКЛ запустила собственную онлайновую ресейл-платформу для продажи вещей",[],[],[],False
68489,2025-02-25 06:12:48+00:00,#IMOEX выше 3350 п.,[],[],[],True
68488,2025-02-24 20:21:14+00:00,"#Политика
**Есть причины возобновить диалог с Путиным** — президент Франции Макрон после встречи с Трампом",[],[],[],False
68487,2025-02-24 20:18:18+00:00,"#Политика
Встреча с российской стороной в Саудовской Аравии прошла фантастически — Трамп",[],[],[],False
68486,2025-02-24 20:16:05+00:00,"#Политика
Мои люди постоянно в контакте с командой Путина — Трамп",[],[],[],False
68485,2025-02-24 20:06:56+00:00,"#Политика #RUAL
Могли бы продать Америке 2 млн т алюминия, если бы США открыли нам рынок — Путин",['RUAL'],['RUAL'],[],False
68484,2025-02-24 20:02:55+00:00,"#Политика
Готовы к обсуждению с США сокращения расходов на оборону — Путин",[],[],[],False
68483,2025-02-24 19:47:39+00:00,"ПУТИН: ГОТОВЫ ПРИГЛАСИТЬ АМЕРИКАНСКИХ ПАРТНЕРОВ - КАК ВЛАСТИ, ТАК И КОМПАНИИ - К СОВМЕСТНОЙ РАБОТЕ ПО РЕДКОЗЕМЕЛЬНЫМ МЕТАЛЛАМ


**Замечено Шпионом РЦБ.
Подключить:** @StockSpy_bot",[],[],[],False
68482,2025-02-24 19:33:48+00:00,Путин собрал совещание по развитию отрасли редкоземельных металлов,[],[],[],True
68481,2025-02-24 19:07:50+00:00,"**Заявления Трампа после переговоров с Макроном. Главное:**

🔹Конфликт на Украине, вероятно, удастся урегулировать в течение ближайших недель.

🔹Переговоры США с Россией идут очень хорошо, стороны далеко продвинулись в диалоге по завершению конфликта на Украине.

🔹Конфликт на Украине способен перерасти в третью мировую войну, США намерены не допустить такого исхода.

🔹Назвал ""непростой задачей"" перспективу возвращения Украине утраченных территорий.

🔹Заявил, что может встретиться с Зеленским на этой или следующей неделе для подписания соглашения по природным ресурсам.

🔹Обеспечение безопасности Украины после урегулирования конфликта ляжет на страны Европы.

🔹Заявил, что не возражает против размещения войск стран Европы на Украине в качестве миротворческих сил.

🔹США заинтересованы в ""огромных запасах"" редкоземельных металлов России и других ""очень ценных ресурсах"".

🔹Совместные экономические проекты США с Россией отвечают интересам долгосрочного мира.",[],[],[],True
68480,2025-02-24 15:13:37+00:00,"#Макро
Биржевой механизм валютного курса в России разрушен — Решетников",[],[],[],False
68479,2025-02-24 14:34:22+00:00,"#MOEX
**Московская биржа запускает на фондовом рынке торги в выходные дни**

1 марта 2025 года на рынке акций Московской биржи стартуют торги в выходные дни в экспериментальном режиме,

На первом этапе к торгам в выходные будут допущены наиболее ликвидные акции. Для снижения рисков волатильности и обеспечения ликвидности ценовые границы в ходе торгов в выходные будут сужены – **максимально допустимое изменение цены бумаги составит 3% от цены закрытия предыдущего торгового дня** – и не будут изменяться.",[],[],[],False
68478,2025-02-24 13:21:10+00:00,"📅 Данные MTSS за сегодня на 16:00
Покупки: 250.4 млн руб
Продажи: 304.8 млн руб
Дельта: -54.4 млн руб

Накопленные данные за 25 дней
Покупки: 9319.5 млн руб
Продажи: 10644.6 млн руб
Дельта: -1325.1 млн руб",[],[],[],True
68477,2025-02-24 13:13:55+00:00,"#VTBR
**КОНСЕНСУС: ВТБ в IV кв 2024г увеличил прибыль по МСФО в 2,8 раза, до 156 млрд руб**
ВТБ в четвертом квартале заработал 156 млрд рублей чистой прибыли по МСФО, что в 2,8 раза больше результата за аналогичный период предыдущего года, свидетельствует консенсус-прогноз ""Интерфакса"".

[VTBR](https://www.tinkoff.ru/invest/stocks/VTBR?utm_source=security_share) 92.87₽

👉[Полная новость](http://telegra.ph/KONSENSUS-VTB-v-IV-kv-2024g-uvelichil-pribyl-po-MSFO-v-28-raza-do-156-mlrd-rub-02-24-3)

**Замечено Шпионом РЦБ.
Подключить:** @StockSpy_bot",['VTBR'],['VTBR'],[],False
68476,2025-02-24 13:04:33+00:00,"ЛОНДОН ДОБАВИЛ В САНКЦИОННЫЕ СПИСКИ ПРОТИВ РФ ЕЩЕ 40 ТАНКЕРОВ ИЗ ""ТЕНЕВОГО ФЛОТА"" - ЗАЯВЛЕНИЕ


**Замечено Шпионом РЦБ.
Подключить:** @StockSpy_bot",[],[],[],False
68475,2025-02-24 12:51:27+00:00,"#Политика
🇪🇺 ЕС будет готовить 17-й пакет санкций против России — глава европейской дипломатии Каллас",[],[],[],False
68474,2025-02-24 12:44:15+00:00,"#Политика
🇺🇸 США предложили Генассамблее ООН проект резолюции, который ""уравнивает действия Украины и РФ"" — Financial Times

США призвали отозвать проект антироссийской резолюции авторства ЕС и Украины, по которому Генассамблея ООН проголосует 24 февраля.",[],[],[],False
68473,2025-02-24 12:08:46+00:00,"#Регуляция 
🇪🇺 **ЕС ввёл санкции против Garantex** — первый случай когда ЕС вводит санкции на криптобиржу.",[],[],[],False
68472,2025-02-24 11:40:03+00:00,"⚡️ **Получите преимущество на рынке с еще большей выгодой **

**В честь Дня защитника Отечества подключитесь к **[**Шпиону РЦБ**](https://t.me/stockspy_bot)** с дополнительной скидкой до 23%.** Чем дольше срок подписки, тем больше выгода.

Шпион РЦБ позволит:
**• Разработать торговую стратегию **на основе уникальных рыночных индикаторов. 
**• Контролировать рынок и быстро реагировать на изменения**, моментально получая ключевые новости и корпоративные события на рынке.
**• Использовать идеи лидеров мнений**, отслеживая сделки в платных закрытых каналах, которые влияют на рынок.
**• Получать готовую аналитику** на основе данных Шпиона и технического анализа с** целевой доходностью +4% к портфелю в месяц, или 48% в год**.
**• Стать частью клуба трейдеров и инвесторов**, где можно общаться, делиться идеями, спрашивать советы, задавать вопросы команде Шпиона и даже влиять на обновления в продукте.

[Шпион](https://t.me/stockspy_bot) — эксклюзивный инструмент, который дает возможность видеть рынок глубже, чем остальные. 

**❗️ Подключиться со скидкой:
👉 ****@StockSpy_bot**

⏳ **Время предложения ограничено**",[],[],[],True
68471,2025-02-24 11:36:31+00:00,"#Газ
**Стоимость закупок российского сжиженного природного газа для ЕС выросла почти в четыре раза **за три года за счет увеличения цен и объема поставок СПГ из РФ — Евростат",['NVTK'],[],['NVTK'],False
68470,2025-02-24 11:00:17+00:00,"#CHMF
Северсталь не закладывает в базовый прогноз скорую отмену санкций —  CEO",[],[],[],False
68469,2025-02-24 10:05:30+00:00,"#SPBE
**Объем торгов на СПБ Бирже за минувшие выходные увеличился до 774.2 млн рублей против 375.6 млн рублей 15—16 февраля **— биржа

Инвесторы заключили 96 499 сделок, что более чем в 3,5 раза превышает показатели позапрошлых выходных (27 310 сделок 15 и 16 февраля).",[],[],[],False
68468,2025-02-24 09:57:58+00:00,"ПРЕДСЕДАТЕЛЬ КНР СИ ЦЗИНЬПИН И ПРЕЗИДЕНТ РФ ВЛАДИМИР ПУТИН ПРОВЕЛИ ТЕЛЕФОННЫЙ РАЗГОВОР - СМИ


**Замечено Шпионом РЦБ.
Подключить:** @StockSpy_bot",[],[],[],False
68467,2025-02-24 09:04:49+00:00,"ЛАВРОВ: НА ЭТОЙ НЕДЕЛЕ СОСТОЯТСЯ ПОЛНОЦЕННЫЕ ПЕРЕГОВОРЫ РФ И США ПО УСТРАНЕНИЮ ПРЕПЯТСТВИЙ В РАБОТЕ ДИПВЕДОМСТВ


**Замечено Шпионом РЦБ.
Подключить:** @StockSpy_bot",[],[],[],False
68466,2025-02-24 08:56:56+00:00,"#Политика
Уважение территориальных реалий и договоренность о невступлении Украины в НАТО являются обязательными условиями переговоров — глава МИД РФ Лавров

Мoсква прекратит бoевые действия на Украине, тoлькo кoгда перегoвoры дадут твердый устoйчивый результат",[],[],[],False
68465,2025-02-24 07:58:09+00:00,"ЕС РЕШИЛ ЗАПРЕТИТЬ ВРЕМЕННОЕ ХРАНЕНИЕ НА СВОЕЙ ТЕРРИТОРИИ НЕФТИ И НЕФТЕПРОДУКТОВ ИЗ РФ - ЗАЯВЛЕНИЕ


**Замечено Шпионом РЦБ.
Подключить:** @StockSpy_bot",[],[],[],False
68464,2025-02-24 07:53:00+00:00,"ЕС В РАМКАХ САНКЦИЙ ВВОДИТ ДОПОЛНИТЕЛЬНЫЕ ОГРАНИЧЕНИЯ НА ИМПОРТ ПЕРВИЧНОГО АЛЮМИНИЯ ИЗ РФ - ЗАЯВЛЕНИЕ


**Замечено Шпионом РЦБ.
Подключить:** @StockSpy_bot",[],[],[],False
68463,2025-02-24 07:48:38+00:00,"ЕС ВНЕС В САНКЦИОННЫЕ СПИСКИ 74 ТАНКЕРА ИЗ ""ТЕНЕВОГО ФЛОТА"" - ЗАЯВЛЕНИЕ


**Замечено Шпионом РЦБ.
Подключить:** @StockSpy_bot",[],[],[],False
68462,2025-02-24 07:20:43+00:00,"БАНКИ РФ НЕДОСТАТОЧНО АКТИВНЫ В УРЕГУЛИРОВАНИИ ВОПРОСА ЗАБЛОКИРОВАННЫХ АКТИВОВ, ЦБ УТОЧНИЛ ПОДХОДЫ К РЕЗЕРВИРОВАНИЮ - ГЛАВА ДЕПАРТАМЕНТА ЦБ


**Замечено Шпионом РЦБ.
Подключить:** @StockSpy_bot",[],[],[],False
68461,2025-02-24 07:14:17+00:00,"#Политика 
**Время для мира: представители США о завершении конфликта на Украине** — Коммерсантъ

Сразу трое высокопоставленных американских представителей сделали сегодня заявления об урегулировании российско-украинского конфликта. Спецпосланник президента США Стивен Уиткофф, министр финансов США Скотт Бессент и министр обороны США Пит Хегсет в интервью рассказали об ориентирах мирной сделки, гарантиях для Киева и перспективе возвращения в Россию ушедших компаний.",[],[],[],False
68460,2025-02-24 06:32:10+00:00,"#NVTK
НОВАТЭК может перенести перевалку СПГ из Европы в Россию — [РБК](https://www.rbc.ru/business/24/02/2025/67bbe6f19a7947f51908bcb3) 

Такой шаг компания рассматривает на фоне введенных ЕС санкций — запрета на реэскпорт российского СПГ через европейские порты в третьи страны, которое вступит в силу весной.",['NVTK'],['NVTK'],[],False
68459,2025-02-24 06:07:47+00:00,"#Политика
**🇺🇸****🇷🇺**** Нет понимания, что означает мирный план Трампа по Украине после переговоров России и США** — замглавы МИД РФ Рябков",[],[],[],False
68458,2025-02-24 05:49:51+00:00,"#Уголь
⛏ **Российские угольщики в январе увеличили вдвое отгрузки в Турцию** — Ведомости

Но позитивный тренд может оказаться непродолжительным. 

Экспорт угля из России в Турцию в январе 2025 г. в натуральном выражении вырос в 2 раза к тому же месяцу прошлого года и составил 2,4 млн т. Благодаря увеличению поставок в Турцию общий объем угольного экспорта также оказался в плюсе впервые с сентября 2023 г., составив 16,1 млн т (+5%).

В обзоре ЦЦИ отмечается, что поставки из России на турецкий рынок начали расти за счет восстановления экспорта через порты Азово-Черноморского бассейна. Через них было перевалено 2,8 млн т – на 68% больше, чем за январь 2023 г.",[],[],[],False
68457,2025-02-23 11:20:16+00:00,"⚡️ **Получите преимущество на рынке с еще большей выгодой **

**В честь Дня защитника Отечества подключитесь к **[**Шпиону РЦБ**](https://t.me/stockspy_bot)** с дополнительной скидкой до 23%.** Чем дольше срок подписки, тем больше выгода.

Шпион РЦБ позволит:
**• Разработать торговую стратегию **на основе уникальных рыночных индикаторов. 
**• Контролировать рынок и быстро реагировать на изменения**, моментально получая ключевые новости и корпоративные события на рынке.
**• Использовать идеи лидеров мнений**, отслеживая сделки в платных закрытых каналах, которые влияют на рынок.
**• Получать готовую аналитику** на основе данных Шпиона и технического анализа с** целевой доходностью +4% к портфелю в месяц, или 48% в год**.
**• Стать частью клуба трейдеров и инвесторов**, где можно общаться, делиться идеями, спрашивать советы, задавать вопросы команде Шпиона и даже влиять на обновления в продукте.

[Шпион](https://t.me/stockspy_bot) — эксклюзивный инструмент, который дает возможность видеть рынок глубже, чем остальные. 

**❗️ Подключиться со скидкой:
👉 ****@StockSpy_bot**

⏳ **Время предложения ограничено**",[],[],[],True
68456,2025-02-21 21:11:52+00:00,"#Политика
Журнал Point скам
Я не собираюсь в Москву 9 мая — Трамп

Спокойной ночи",[],[],[],False
68455,2025-02-21 17:47:09+00:00,"#Политика
Трамп приедет в Москву на 9 мая, чтобы встретиться с Путиным — французский журнал Point",[],[],[],False
68454,2025-02-21 17:29:37+00:00,"**Русал в Гонконге на 23% дороже, чем в Москве. Нерезы очень хотят купить российские активы под мир. Но доступного им предложения очень мало. Ну или просто short squeeze...** #шок_новости 

На графике: Русал в Гонконге (486) — синий, Русал в Москве (RUAL) — оранжевый.

😀 @AK47pfl",['RUAL'],[],['RUAL'],True
68453,2025-02-21 16:37:28+00:00,"#GAZP #SIBN
СД ""ГАЗПРОМ НЕФТИ"" 25 ФЕВРАЛЯ СОЗОВЕТ ВНЕОЧЕРЕДНОЕ СОБРАНИЕ - ЭМИТЕНТ


[GAZP](https://www.tinkoff.ru/invest/stocks/GAZP?utm_source=security_share) 170.44₽
[SIBN](https://www.tinkoff.ru/invest/stocks/SIBN?utm_source=security_share) 653.85₽

**Замечено Шпионом РЦБ.
Подключить:** @StockSpy_bot",['SIBN'],['SIBN'],[],False
68452,2025-02-21 16:26:13+00:00,"#Политика
Трамп в интервью радиостанции Fox News заявил, что **не видит вины России в возникновении конфликта на Украине**, обвиняет в нем Зеленского и Байдена.",[],[],[],False
68451,2025-02-21 16:23:17+00:00,"#Политика
Зеленскому можно не присутствовать на мирных встречах по Украине —Трамп.

Я бы хотел, чтобы он вообще туда не ездил. Он плохой переговорщик",[],[],[],False
68450,2025-02-21 16:03:52+00:00,"#Политика
**У Зеленского нет «карт в рукаве» для переговоров с Россией** — Трамп",[],[],[],False
68449,2025-02-21 15:43:07+00:00,💀 #BTC на предположительном взломе Bybit.,[],[],[],True
68448,2025-02-21 15:43:00+00:00,"#ETH
2️⃣ Предполагаемый хакер продаёт ETH, выведенный с Bybit.",[],[],[],True
68447,2025-02-21 14:26:40+00:00,"⚡️** Дельта теперь и в **[**Крипто Шпионе**](https://t.me/stockspy_bot)

Дельта — разница между рыночными покупками и продажами в криптоактивах. Индикатор позволяет понять настроения на рынке, увидеть ложные и истинные пробои уровней, найти точку входа.

**Зачем следить за индикатором Дельта**

**— Определение рыночного настроения:** Положительная дельта указывает на преобладание покупок, что может свидетельствовать о бычьем настроении. Отрицательная дельта показывает доминирование продавцов, указывая на медвежье настроение.

—** Подтверждение трендов**: Если цена растет вместе с положительной дельтой, это подтверждает силу восходящего тренда. Если цена падает при отрицательной дельте, это подтверждает нисходящий тренд.

— **Обнаружение дивергенций:** Если цена растет, а дельта становится отрицательной, это может указывать на ослабление тренда и возможный разворот.

**Как работать с Дельтой**
На рынке есть 4 фазы рынка: бычий тренд, медвежий тренд, боковик, разворот. В каждой фазе можно использовать дельту по-разному. 

🐂 Если цена растет, а дельта в токене становится отрицательной, это может указывать на ослабление тренда и возможный разворот. Если цена растет вместе с положительной дельтой, это подтверждает силу восходящего тренда.

🐻 Если цена снижается, а дельта положительная, это может указывать на ослабление тренда и возможный разворот. Если цена снижается вместе с дельтой, мы получаем подтверждение восходящего тренда. 

➡️ В боковике важно определить предыдущую фазу рынка: 🐂 или 🐻 и смотреть на динамику дельты в боковике, торгуя на отскоке или пробое границ.

Например, перед боковиком был восходящий тренд, а в боковике видим, что продавец остается сильным и дельта растет. Это указывает на продолжение тренда, поэтому стоит рассматривать лонг позиции на отскок от нижней границы боковика и на пробой верхней.

Чтобы точно определить дельту в боковике, запрашивайте данные за период с начала боковика. Например, если BTC в боковике 2 недели, вы просите дельту за 14 дней: BTC 14.

**👁**** Как следить за Дельтой в Шпионе Крипто**
1.[ Подключить подписку](https://t.me/stockspy_bot)
2. Запустить вашего бота, доступ к которому получите после оформления подписки
3. Нажать кнопку Дельта
4. Ввести тикер токена и период до 60 дней (или без периода, если нужны данные за текущий день). Например, BTC 45

При расчете за период бот учитывает календарные дни. Также учитывается текущий неполный день. То есть при запросе BTC 30 в накопленных данных будет дельта за 31 день: 30 календарных дней + 1 текущий неполный день.

**Следить за дельтой
****@StockSpy_bot**

#Крипто #Апдейт",[],[],[],True
68446,2025-02-21 14:23:45+00:00,"#FEES
ПУТИН РАЗРЕШИЛ СДЕЛКИ С ПРИНАДЛЕЖАЩИМИ НЕДРУЖЕСТВЕННЫМ ИНОСТРАНЦАМ АКЦИЯМИ ДОЧЕК ""РОССЕТЕЙ"", ВКЛЮЧАЯ КОНВЕРТАЦИЮ ПРИ ИХ РЕОРГАНИЗАЦИИ - РАСПОРЯЖЕНИЕ",[],[],[],False
68445,2025-02-21 14:08:53+00:00,"ЛАВРОВ: МЫ НЕ ЗАТРАГИВАЕМ ТЕМУ СМЯГЧЕНИЯ САНКЦИЙ В РАМКАХ УКРАИНСКОГО УРЕГУЛИРОВАНИЯ


**Замечено Шпионом РЦБ.
Подключить:** @StockSpy_bot",[],[],[],False
68444,2025-02-21 14:03:53+00:00,"#Политика
⚡️ Россия будет настаивать на переговорах, чтобы **часть замороженных активов в размере 300 млрд долларов была использована на контролируемой Россией Украине** — Reuters",[],[],[],False
68443,2025-02-21 14:02:27+00:00,"#Политика
⚡️ **Россия может согласиться на использование замороженных Западом суверенных активов в размере 300 млрд долларов для восстановления Украины **— источники Reuters",[],[],[],False
68442,2025-02-21 14:01:30+00:00,"ЦБ РФ С 22 ФЕВРАЛЯ СНИЗИЛ ОФИЦИАЛЬНЫЙ КУРС ДОЛЛАРА США НА 34,27 КОП., ДО 88,1676 РУБ.


**Замечено Шпионом РЦБ.
Подключить:** @StockSpy_bot",[],[],[],False
68441,2025-02-21 13:42:11+00:00,"**#Санкции****
ЕС 24 февраля объявит о новых санкциях в отношении РФ**",[],[],[],False
68440,2025-02-21 13:22:39+00:00,"#RNFT
**Структура Русснефти, выступающая стороной форварда на пакет ""префов"" НК, редомицилировалась в РФ**
Структура ""Русснефти"" - кипрская Russneft Cyprus Limited - редомицилировалась в РФ.

[RNFT](https://www.tinkoff.ru/invest/stocks/RNFT?utm_source=security_share) 158.4₽

👉[Полная новость](http://telegra.ph/Struktura-Russnefti-vystupayushchaya-storonoj-forvarda-na-paket-prefov-NK-redomicilirovalas-v-RF-02-21-2)

**Замечено Шпионом РЦБ.
Подключить:** @StockSpy_bot",[],[],[],False
68439,2025-02-21 13:03:27+00:00,"#Политика
🇺🇸 **Конгресс США не будет одобрять новую военную помощь Украине** — спикер Палаты представителей

""Выделение средств следует прекратить, потому что все это тянется слишком долго""",[],[],[],False
68438,2025-02-21 12:27:46+00:00,"#SOFL
**""Софтлайн"" договорился о покупке 51% консалтинговой компании ""Омег-Альянс""**
ГК Softline (ПАО ""Софтлайн"" ) подписала рамочное соглашение о приобретении 51% в группе компаний ""Омег-Альянс"", специализирующейся на консалтинге и комплексных решениях в области производственного и операционного менеджмента.

[SOFL](https://www.tinkoff.ru/invest/stocks/SOFL?utm_source=security_share) 121.58₽

👉[Полная новость](http://telegra.ph/Softlajn-dogovorilsya-o-pokupke-51-konsaltingovoj-kompanii-Omeg-Alyans-02-21-2)

**Замечено Шпионом РЦБ.
Подключить:** @StockSpy_bot",[],[],[],False
68437,2025-02-21 11:35:36+00:00,"#VSMO
Россия готова рассмотреть кооперацию с Boing по закупке титана при его желании — Мантуров",[],[],[],False
68436,2025-02-21 11:11:30+00:00,"#Политика
В ближайшее время стоит ожидать разговора Путина с Си Цзиньпином — Песков",[],[],[],False
68435,2025-02-21 11:10:27+00:00,"ПЕСКОВ: ПОКА НЕ СТОИТ ОЖИДАТЬ МЕЖДУНАРОДНЫХ КОНТАКТОВ РФ И США


**Замечено Шпионом РЦБ.
Подключить:** @StockSpy_bot",[],[],[],False
68434,2025-02-21 10:36:54+00:00,"#Газ
🇪🇺 Европейский союз будет искать поставщиков газа, в том числе в США, чтобы заменить российские поставки, и ускорит развитие возобновляемых источников энергии, чтобы снизить общую зависимость от топлива — комиссар ЕС по энергетике",[],[],[],False
68433,2025-02-21 09:07:19+00:00,"📅 Данные X5 за сегодня на 10:30
Покупки: 95.3 млн руб
Продажи: 73.0 млн руб
Дельта: 22.3 млн руб

Накопленные данные за 8 дней
Покупки: 13521.2 млн руб
Продажи: 13207.0 млн руб
Дельта: 313.5 млн руб

**В пользу идеи, что сейчас идёт накопление говорят данные дельты за последние восемь дней.**

__Подключить себе бота РЦБ и следить за своими позициями в режиме реального времени можно по нашей ссылке со скидкой__ 10%👇
https://t.me/stockspy_bot?start=promo_bt10

**Постскриптум
Это тот самый продукт который не стыдно рекомендовать своим подписчикам, но вы и сами видите как это все работает в сочетании с техникой. Те кто уже подключил отзывы только положительные.**",[],[],[],True
68432,2025-02-21 09:01:16+00:00,"#MOEX
**Московская биржа планирует расчет и публикацию первых в России индексов вина**
Московская биржа и РБК планируют к запуску первое в России семейство индексов вина. Индексы будут отражать состояние отечественного рынка белого, красного и игристого вин и рассчитываться на основании розничных цен и объемов продаж этих напитков в торговой сети ""Перекресток"".

👉[Полная новость](https://www.moex.com/n77878)

**Замечено Шпионом РЦБ.
Подключить:** @StockSpy_bot",[],[],[],False
68431,2025-02-21 07:36:22+00:00,"#Политика
Страны БРИКС отказались от альтернативы доллару после его угрозы ввести 150%-ные пошлины — Трамп",[],[],[],False
68430,2025-02-21 07:31:06+00:00,"#Политика
Конгрессмены-республиканцы в США внесли законопроект о **полном выходе страны из состава ООН**",[],[],[],False
68429,2025-02-21 07:29:49+00:00,"#Политика
Трамп дал Европе 3 недели, чтобы подписать капитуляцию Украины, Если этого не произойдет, США выведут войска из Европы — финский депутат Европарламента",[],[],[],False
68428,2025-02-21 07:20:07+00:00,"#RASP #Дивиденды
Совет директоров Распадской рекомендовал не платить дивиденды за 2024 г",[],[],[],False
68427,2025-02-21 07:19:45+00:00,"#RASP
ЧИСТЫЙ УБЫТОК РАСПАДСКОЙ СОСТАВИЛ В 2024Г $133 МЛН ПРОТИВ ПРИБЫЛИ В $440 МЛН ГОДОМ РАНЕЕ - КОМПАНИЯ


[RASP](https://www.tinkoff.ru/invest/stocks/RASP?utm_source=security_share) 263.35₽

**Замечено Шпионом РЦБ.
Подключить:** @StockSpy_bot",[],[],[],False
68426,2025-02-21 07:19:40+00:00,"#RASP
EBITDA РАСПАДСКОЙ УПАЛА В 2024Г ДО $291 МЛН (КОНСЕНСУС - $316 МЛН)


[RASP](https://www.tinkoff.ru/invest/stocks/RASP?utm_source=security_share) 264.1₽

**Замечено Шпионом РЦБ.
Подключить:** @StockSpy_bot",[],[],[],False
68425,2025-02-21 06:30:03+00:00,"#SPBE 
СПБ Биржа добавит на торги в выходные 16 российских ценных бумаг

• с 21 февраля — в основную и вечернюю дополнительную
• с 22 февраля — в утреннюю дополнительную,  в т. ч. по субботам и воскресеньям",[],[],[],True
68424,2025-02-21 06:12:41+00:00,"#Политика
Американские и российские участники тайно встречались в Швейцарии для неофициальных обсуждений войны в Украине в последние месяцы, в том числе и на прошлой неделе — Reuters",[],[],[],False
68423,2025-02-20 15:15:11+00:00,**Доллар 88.51 руб** — курс ЦБ РФ,[],[],[],True
68422,2025-02-20 15:08:30+00:00,"#Макро
Возвращение иностранных компаний и инвесторов в Россию возможно только на выгодных для нас условиях — вице-премьер РФ Новак

Мы должны руководствоваться исключительно нашими национальными интересами. Многие освободившиеся ниши уже заняты российскими производителями либо партнерами из дружественных стран, это важно учитывать. 

При этом работа по достижению технологического лидерства в ключевых отраслях будет продолжена даже в случае изменения внешних обстоятельств.",[],[],[],False
68421,2025-02-20 14:51:09+00:00,"ПУТИН ПРОВЕЛ ТЕЛЕФОННЫЙ РАЗГОВОР С НАСЛЕДНЫМ ПРИНЦЕМ, ПРЕМЬЕРОМ САУДОВСКОЙ АРАВИИ - КРЕМЛЬ


**Замечено Шпионом РЦБ.
Подключить:** @StockSpy_bot",[],[],[],False
68420,2025-02-20 14:13:51+00:00,"👁 **Как находить лучшие идеи на крипто рынке в разные фазы рынка?**

Используйте инструмент Рейтинг по Индикатору спроса в [Крипто Шпионе](https://t.me/stockspy_bot)

**Как использовать:**

• Во время восходящего тренда токены с самыми высокими значениями скорее всего** будут расти сильнее рынка.**

• Во время нисходящего тренда рейтинг помогает отслеживать, **какие токены сбрасывают в первую очередь** — велика вероятность, лидеры по продажам будут падать быстрее рынка.

• Во время пролива рынка рейтинг показывает,** какие тикеры интереснее всего откупать по текущим ценам** — велика вероятность, что токены в топе по покупкам будут сильнее рынка во время отскока.

Рейтинг публикуется раз в час в канале Сводка в [Крипто Шпионе](https://t.me/stockspy_bot).

📰 **Стоит дополнительно следить за новостями** — если тикер попал в рейтинг на новости, спрос может быстро вернуться на прежние значения.

Если новости до попадания тикера в рейтинг не было, то стоит следить за выходом будущих событий. Есть вероятность, что тикер попал в рейтинг благодаря покупкам инсайдеров и с выходом новости начнётся разгрузка.

**Новости с фильтрами по интересующим тикерам также доступны пользователям **[**Крипто Шпиона**](https://t.me/stockspy_bot)**.**

Мы предлагаем присоединиться к сообществу трейдеров Крипто Шпиона, чтобы находить больше торговых возможностей на рынке. Уникальная информация этого продукта позволит создать новую или улучшить текущую торговую стратегию. 

**Присоединиться к Крипто Шпиону
👉 ****@StockSpy_bot**",[],[],[],True
68417,2025-02-20 13:50:18+00:00,"#POSI #MTLR #Теханализ**
С 18 февраля, после **[**сообщения**](https://t.me/cbrstocks/68336)** о том, что в акциях Позитива сильный продавец: 

• POSI -2% **(в аналитике [Шпиона РЦБ](https://t.me/stockspy_bot) закрыли шорт с доходностью 4.5%)**
• IMOEX +1%
**
❗️ Обычка Мечела может повторить судьбу акций Позитива и показывать динамику слабее рынка в ближайшее время.

Сейчас Мечел обычка стоит 112 рублей, а потенциал снижения составляет как минимум 10% до 100 рублей, как максимум — **более 30% к декабрьским минимумам**

[Дельта MTLR в Шпионе РЦБ](https://t.me/stockspy_bot) за последний месяц перед отчетом в нуле, хотя в других акциях, наоборот — положительная и может составлять даже десятки млрд рублей

Это означает, что в акциях Мечела отсутствует покупатель. При синхронизации технического и фундаментального анализa **повышается вероятность отработки идеи, как это было с акциями Позитива**.",[],[],[],True
68416,2025-02-20 13:35:37+00:00,"#PLZL
❗️ Полюс 5 марта отчитается по МСФО за 2024 год",[],[],[],False
68415,2025-02-20 13:29:59+00:00,"#MTLR
Синара об отчетности Мечела —** результаты хуже ожиданий, долговая нагрузка и процентные платежи выросли — негативно**",[],[],[],False
68414,2025-02-20 13:12:40+00:00,"#Уголь
Динамика цены на уголь в долларах за тонну",[],[],[],True
68413,2025-02-20 13:08:44+00:00,"#MTLR #MTLRP
МЕЧЕЛ В 2024Г ДОГОВОРИЛСЯ О ПЕРЕНОСЕ ПОГАШЕНИЯ 35 МЛРД РУБ. ДОЛГА С 2025-2026ГГ НА 2027-2030ГГ - ОТЧЕТ


[MTLR](https://www.tinkoff.ru/invest/stocks/MTLR?utm_source=security_share) 110.9₽
[MTLRP](https://www.tinkoff.ru/invest/stocks/MTLRP?utm_source=security_share) 120.25₽

**Замечено Шпионом РЦБ.
Подключить:** @StockSpy_bot",[],[],[],False
68412,2025-02-20 12:28:06+00:00,"#Санкции
**Если нам будет нужно, мы снимем санкции с России **— министр финансов США",[],[],[],False
68411,2025-02-20 12:23:38+00:00,"#RASP
**КОНСЕНСУС: EBITDA Распадской упала во II полугодии вдвое, FCF был отрицательный**
Аналитики прогнозируют слабую отчетность ПАО ""Распадская"" за второе полугодие 2024 года на фоне падения цен на уголь и из-за снижения объема продаж.

[RASP](https://www.tinkoff.ru/invest/stocks/RASP?utm_source=security_share) 265.95₽

👉[Полная новость](http://telegra.ph/KONSENSUS-EBITDA-Raspadskoj-upala-vo-II-polugodii-vdvoe-FCF-byl-otricatelnyj-02-20-3)

**Замечено Шпионом РЦБ.
Подключить:** @StockSpy_bot",[],[],[],False
68410,2025-02-20 12:13:03+00:00,"**Мечел - еще одна Сегежа**?
**Редко видишь процентные расходы, сравнимые с капитализацией... И убыток в 2/3 капитализации...**
#шок_новости 

Финансовые расходы в 2024 году -46 млрд руб.

Убыток по чистой прибыли в 2024 году -36 млрд руб.

Краткосрочный долг к погашению в ближайший год 228 млрд руб.

Чистый долг / EBITDA 4.6х

Для сравнения: капитализация 55 млрд руб.

Редко видишь процентные расходы, сравнимые с капитализацией... И убыток в 2/3 капитализации...

😀 @AK47pfl",[],[],[],False
68409,2025-02-20 12:11:06+00:00,"#MTLR #MTLRP #Отчетность
**🖨**** Мечел в 2024 году увеличил краткосрочные обязательства на 85%, до 336 млрд руб**

В их числе:
Кредиты и займы: 227.8 млрд руб (х2 г/г)
Торговая и прочая кредиторская задолженность: 43.78 млрд руб (+44% г/г)",[],[],[],False
68408,2025-02-20 12:04:01+00:00,"#MTLR #MTLRP #Отчетность
**🖨**** Мечел: МСФО 2024
**
Выручка: 387.47 млрд руб (-4.5% г/г)
Чистый убыток 36.27 млрд руб (годом ранее прибыль 24.24 млрд)",[],[],[],True
68407,2025-02-20 12:02:19+00:00,"EBITDA МЕЧЕЛА В 2024Г УПАЛА НА 35%, ДО 55,9 МЛРД РУБ. - КОМПАНИЯ


**Замечено Шпионом РЦБ.
Подключить:** @StockSpy_bot",[],[],[],False
68406,2025-02-20 11:22:25+00:00,"#Политика
🇺🇸 США впервые с начала СВО не стали соавторами антироссийского проекта резолюции генассамблеи ООН по Украине — РИА",[],[],[],False
68405,2025-02-20 11:06:03+00:00,"#Регуляция
🇷🇺 **P2P продажа криптовалюты может стать причиной попадания легитимных клиентов банков в мошенническую базу ЦБ, что влечет наложение ограничений на операции** — руководитель центра экосистемной защиты Т-банка Олег Замиралов.",[],[],[],False
68403,2025-02-20 11:03:33+00:00,"#MTLR #Отчетность
🖨 Мечел: операционные и производственные результаты 2024",[],[],[],True
68402,2025-02-20 11:01:35+00:00,"#MTLR #MTLRP
МЕЧЕЛ В IV КВ. СОХРАНИЛ ДОБЫЧУ УГЛЯ НА УРОВНЕ III КВ. - 2,9 МЛН Т - КОМПАНИЯ


[MTLR](https://www.tinkoff.ru/invest/stocks/MTLR?utm_source=security_share) 111.81₽
[MTLRP](https://www.tinkoff.ru/invest/stocks/MTLRP?utm_source=security_share) 120.3₽

**Замечено Шпионом РЦБ.
Подключить:** @StockSpy_bot",[],[],[],False
68401,2025-02-20 10:51:01+00:00,"#Электрокары #HYPR
**Как будет развиваться рынок электро- и гибридных автомобилей** — [Коммерсантъ](https://www.kommersant.ru/doc/7516286)

Рынок электромобилей в России растет с низкой базы — в 2024 году было продано 17.8 тыс. таких автомобилей. Продажи гибридов также увеличились — до 62.9 тыс. штук. 

По данным Автостата, продажи электромобилей в 2023 году выросли в 4.7 раза, в 2024-м — на 26.4%, до 17.8 тыс.

По итогам прошлого года реализация гибридных автомобилей увеличилась в 2.9 раза, до 62.85 тыс. штук.

**Россия поддерживает тренд на декарбонизацию автотранспорта через целый набор льгот и преференций**, в частности развитие сети зарядных станций и соответствующих сервисов. 

**За шесть лет планируется увеличить количество зарядных станций в 10 раз.**

Необходимы государственные инвестиции в электрозарядную инфраструктуру, отмечает руководитель проектов «Русала» по развитию потребления алюминия в машиностроении

Стратегия развития автопрома предполагает выход к 2035 году на годовое производство в России 500 тыс. электрокаров и электробусов.",['RUAL'],[],['RUAL'],False
68400,2025-02-20 09:53:53+00:00,"**За последний месяц три танкера в Средиземном море получили повреждения в результате взрывов**, причины которых пока не удалось установить, рассказали Reuters источники в сфере судоходства и безопасности. 

**Все три танкера, согласно данным сервисов, отслеживающих перемещение судов, перед инцидентами заходили в российские порты**. Такого рода происшествия в Средиземном море стали первыми за последние десятилетия, добавляет агентство.",[],[],[],False
68399,2025-02-20 09:29:26+00:00,"#Политика
У Путина во второй половине дня состоится международный телефонный разговор — пресс-секретарь президента РФ Песков",[],[],[],False
68398,2025-02-20 09:22:55+00:00,"#Электрокары #HYPR
**В России растет популярность электромобилей — **[**МТС AdTech**](https://rg.ru/2025/02/18/issledovanie-populiarnost-elektrokarov-v-rossii-rastet.html)

Прирост индекса электромобилей в 2024 году по сравнению с 2023-м составил 39%. Для расчета показателя изучалось соотношение количества оплат потребителями услуг электрозарядных станций к числу оплат на автозаправках. Аналитики отмечают, что индекс электромобилей в России вырос за два года на 86%, а число авто, использующих для передвижения электрическую энергию, увеличилось на треть.",['MTSS'],[],['MTSS'],False
68397,2025-02-20 09:16:23+00:00,"[**Шпион**](https://t.me/stockspy_bot?start=promo_time)** сигналит о мощнейших продажах в акциях Газпрома ****$GAZP**** 📉**

Рейтинг указывает на то, что сегодня **чистые продажи акций Газпрома превышают чистые покупки более чем на 1.1млрд.₽ 😱**

Все это было абсолютно прогнозируемо, учитывая финансовое положение «национального достояния». 

В общем, [**Шпион**](https://t.me/stockspy_bot?start=promo_time) как бы сигнализирует о существенном преобладании продавца, что по мнению АТТ может намекать на то, что рост $GAZP подошел к концу, а значит, нужно этим воспользоваться 😎

__Хотите первыми знать в каких бумагах происходят крупнейшие оттоки капитала❓Тогда подключайте __[__Шпиона по СКИДКЕ,__](https://t.me/c/1164849828/20684)__ воспользовавшись __[**__ПРОМОКОДом от АТТ __**](https://t.me/stockspy_bot?start=promo_time)__😉__

[__https://t.me/stockspy_bot?start=promo_time__](https://t.me/stockspy_bot?start=promo_time)

[**👉 ПОДПИСАТЬСЯ НА АТТ**](https://t.me/+W7EOvM1pixU5ZWIy)",[],[],[],True
68396,2025-02-20 08:53:13+00:00,"#Алмазы 
**Компания Anglo American во второй раз за два года снизила стоимость своего алмазного бизнеса De Beers** — [FT](https://www.ft.com/content/a9450d69-ed33-4077-9c62-b6adabbbe62d)

Anglo American зафиксировала обесценивание активов De Beers на сумму $2.9 млрд на фоне спада на рынке драгметаллов. В прошлом году уже было списание на $1.9 млрд.

В последнее время рынок испытывает давление из-за роста популярности более дешёвых искусственных бриллиантов и сокращения потребительских расходов в Китае.

Anglo намерена к концу 2025 года провести реструктуризацию, избавившись от непрофильных предприятий, чтобы **сосредоточиться на добыче меди и железной руды.**",['ALRS'],[],['ALRS'],False
68395,2025-02-20 08:22:16+00:00,"#ЦБРФ #Макро
В базовом прогнозе преждевременно учитывать урегулирование ситуации на Украине — глава ЦБ РФ Набиуллина",[],[],[],False
68394,2025-02-20 08:14:09+00:00,"#Макро
Доля доллара в переводах в системе SWIFT в январе превысила 50% — Bloomberg

По данным агентства, в среднем за последние полтора года доля составляла около 48%.",[],[],[],False
68393,2025-02-20 07:11:14+00:00,"#X5 
 X5 стала лидером онлайн-продаж — компания 

Клиентам были доставлены 37,3 млн онлайн-заказов, что на 50% больше, чем в 4 квартале прошлого года. 

Всего в 2024 году покупатели Х5 совершили свыше 119.5 млн заказов продуктов на дом. Оборот в четвертом квартале 2024 года достиг 67.6 млрд рублей, увеличившись на 48.9% по сравнению с аналогичным периодом прошлого года. В пиковые дни декабря число заказов в день превышало 640 тыс.",[],[],[],False
68392,2025-02-20 06:50:25+00:00,"#YDEX #Дивиденды
Менеджмент Яндекса вынесет на СД предложение по дивидендам за 2024 год в размере 80 руб/акция",[],[],[],False
68391,2025-02-20 06:49:55+00:00,"#YDEX
**Годовая выручка ""Яндекса"" впервые превысила 1 трлн рублей**
МКПАО ""Яндекс"" по итогам 2024 года увеличил выручку на 37%, до 1,095 трлн рублей, говорится в сообщении компании.

[YDEX](https://www.tinkoff.ru/invest/stocks/YDEX?utm_source=security_share) 4673.0₽

👉[Полная новость](http://telegra.ph/Godovaya-vyruchka-YAndeksa-vpervye-prevysila-1-trln-rublej-02-20-2)

**Замечено Шпионом РЦБ.
Подключить:** @StockSpy_bot",[],[],[],False
68390,2025-02-20 06:49:40+00:00,"#YDEX
**Выручка МКПАО ""Яндекс"" в IV квартале увеличилась на 37%, за год - превысила 1 трлн рублей**
МКПАО ""Яндекс"" в IV квартале увеличило выручку на 37%, до 340,1 млрд рублей, говорится в сообщении компании.

[YDEX](https://www.tinkoff.ru/invest/stocks/YDEX?utm_source=security_share) 4710.0₽

👉[Полная новость](http://telegra.ph/Vyruchka-MKPAO-YAndeks-v-IV-kvartale-uvelichilas-na-37-za-god---prevysila-1-trln-rublej-02-20-3)

**Замечено Шпионом РЦБ.
Подключить:** @StockSpy_bot",[],[],[],False
68389,2025-02-20 06:33:51+00:00,"#Удобрения
Экспорт удобрений по железной дороге в январе 2025 года вырос в 1.4 раза к январю прошлого года. 

Такую динамику обеспечил в том числе рост спроса со стороны европейских импортеров из-за возможных санкций на российскую продукцию",['PHOR'],[],['PHOR'],False
68388,2025-02-19 16:28:02+00:00,"#Политика
Россия и США условились немедленно начать конкретную субстантивную подготовку встречи Путина и Трампа — Песков",[],[],[],False
68387,2025-02-19 16:00:30+00:00,"ГОДОВАЯ ИНФЛЯЦИЯ В РФ НА 17 ФЕВРАЛЯ ПОДРОСЛА ДО 10,00% С 9,96% НА 10 ФЕВРАЛЯ, СЛЕДУЕТ ИЗ ДАННЫХ РОССТАТА


**Замечено Шпионом РЦБ.
Подключить:** @StockSpy_bot",[],[],[],False
68386,2025-02-19 16:00:20+00:00,"ИНФЛЯЦИЯ В РФ С 11 ПО 17 ФЕВРАЛЯ СОСТАВИЛА 0,17% ПОСЛЕ 0,23% С 4 ПО 10 ФЕВРАЛЯ - РОССТАТ


**Замечено Шпионом РЦБ.
Подключить:** @StockSpy_bot",[],[],[],False
68385,2025-02-19 14:45:02+00:00,"📅 Данные VTBR за сегодня
Покупки: 5261.9 млн руб
Продажи: 4222.3 млн руб
Дельта: 1039.6 млн руб

Накопленные данные за 30 дней
Покупки: 87931.7 млн руб
Продажи: 82476.4 млн руб
Дельта: 5455.0 млн руб

👆Все очень нарядно выглядит😎
Подключить бота РЦБ и смотреть такие показатели в любое время можно по ссылке для нашего канала со скидкой 10%👇
https://t.me/stockspy_bot?start=promo_bt10",[],[],[],True
68384,2025-02-19 13:51:50+00:00,"#Политика
Недостаточно просто встретиться с Трампом, надо добиться проработки самых важных вопросов, в том числе по Украине — Путин",[],[],[],False
68383,2025-02-19 13:49:22+00:00,"#Политика
Трамп мне сказал, что переговорный процесс будет происходить при участии Украины, ее никто из переговоров не исключает — Путин",[],[],[],False
68382,2025-02-19 13:47:38+00:00,"#Политика
РФ готова вернуться за стол переговоров по Украине, заявил Путин.",[],[],[],False
68381,2025-02-19 13:45:56+00:00,"#Политика
С американской стороны на переговорах были ""совсем другие люди"" — без предвзятости и осуждений — Путин",[],[],[],False
68380,2025-02-19 13:41:09+00:00,"ПУТИН ПО ИТОГАМ ПЕРЕГОВОРОВ РФ-США В ЭР-РИЯДЕ: МНЕ ДОЛОЖИЛИ ОБ ИТОГАХ, Я ОЦЕНИВАЮ ИХ ВЫСОКО


**Замечено Шпионом РЦБ.
Подключить:** @StockSpy_bot",[],[],[],False
68379,2025-02-19 13:30:36+00:00,"#Макро
**Китай в 2024 году сократил вложения в госдолг США на $57 млрд **— FT

Это самый низкий уровень с 2009 года",[],[],[],False
68377,2025-02-19 12:24:36+00:00,"#Политика
🇺🇸 Рейтинг одобрения Трампа снижается в первые недели после инаугурации

21 января — 47%
26 января — 45%
18 февраля — 44%",[],[],[],True
68376,2025-02-19 12:02:41+00:00,"ИНФЛЯЦИОННЫЕ ОЖИДАНИЯ НАСЕЛЕНИЯ РФ В ФЕВРАЛЕ СНИЗИЛИСЬ ДО 13,7% С 14% В ЯНВАРЕ - ОПРОС ПО ЗАКАЗУ ЦБ


**Замечено Шпионом РЦБ.
Подключить:** @StockSpy_bot",[],[],[],False
68375,2025-02-19 12:01:04+00:00,"#MTLR #Отчетность 
❗️ Мечел опубликует отчетность по МСФО за 2024 20 февраля",[],[],[],False
68374,2025-02-19 11:22:47+00:00,"#YDEX
**КОНСЕНСУС: Выручка Яндекса в IV кв. составит 334,5 млрд руб., скорр. EBITDA - 48,7 млрд руб.**
Выручка МКПАО ""Яндекс"" в IV квартале 2024 года может составить 334,5 млрд рублей, таков консенсус-прогноз, составленный ""Интерфаксом"" на основе опроса аналитиков шести инвесткомпаний и банков.

[YDEX](https://www.tinkoff.ru/invest/stocks/YDEX?utm_source=security_share) 4577.0₽

👉[Полная новость](http://telegra.ph/KONSENSUS-Vyruchka-YAndeksa-v-IV-kv-sostavit-3345-mlrd-rub-skorr-EBITDA---487-mlrd-rub-02-19-3)

**Замечено Шпионом РЦБ.
Подключить:** @StockSpy_bot",[],[],[],False
68373,2025-02-19 10:27:46+00:00,"#Макро
БРИКС продолжает обсуждение альтернативных платежных платформ — глава МИД РФ Лавров",[],[],[],False
68372,2025-02-19 10:26:23+00:00,"#Макро
**Крупнейшие суверенные фонды благосостояния в мире**",[],[],[],True
68371,2025-02-19 09:36:14+00:00,"[#Металлурги](tg://search_hashtag?hashtag=%D1%81%D1%82%D0%B0%D0%BB%D1%8C)
**Девятый арбитражный апелляционный суд **[**отменил**](https://kad.arbitr.ru/Document/Pdf/9987d147-61cc-4707-8745-8bd456af4148/35eb00a4-fc21-4f72-9a85-fe0edb70b9f4/A40-72836-2024_20250217_Postanovlenie_apelljacionnoj_instancii_(rezoljutivnaja_chast).pdf?isAddStamp=True)** решение Московского арбитража, который в октябре удовлетворил иск АО ""Выксунский металлургический завод"" к АО ""Уральская сталь"" о взыскании более 6.4 млрд рублей. 
**
Иск касался договора, по которому ВМЗ в период с января по сентябрь 2023 года был вынужден покупать заготовки по спотовым ценам, а не по цене заключённого договора. 

Апелляционный суд, рассмотрев жалобу ""Уральской стали"", полностью отклонил требования ВМЗ. Подробности обоснования решения будут опубликованы позже.",[],[],[],False
68370,2025-02-19 09:01:28+00:00,"#Политика
Глава МИД РФ Лавров совсем скоро выступит в Госдуме — РИА Новости",[],[],[],False
68369,2025-02-19 08:53:30+00:00,"#MOEX
**Московская биржа начинает торги расчетным фьючерсом на акции индийских компаний**
25 февраля 2025 года Московская биржа начнет торги фьючерсом на акции инвестиционного фонда iShares MSCI India UCITS ETF USD (Acc). Код контракта – INDIA.

👉[Полная новость](https://www.moex.com/n77819)

**Замечено Шпионом РЦБ.
Подключить:** @StockSpy_bot",[],[],[],False
68368,2025-02-19 08:33:30+00:00,"#Политика
**🇷🇺**** Песков не исключил возможность встречи Путина и Трампа до конца февраля, но могут и позже**",[],[],[],False
68367,2025-02-19 08:31:46+00:00,"#Политика
США и Россия сделали очень важный шаг в сторону мирного урегулирования украинского конфликта — пресс-секретарь президента РФ Песков",[],[],[],False
68366,2025-02-19 08:08:11+00:00,"#FLOT #RUAL
[**Cанкции**](https://t.me/cbrstocks/68365)** включают запрет на импорт алюминия из России и листинг 73 новых судов теневого флота**",['RUAL'],['RUAL'],[],False
68365,2025-02-19 08:05:20+00:00,"#Политика
**ЕС достигли соглашения по 16-му пакету санкций против России**",[],[],[],False
68364,2025-02-19 07:16:31+00:00,"#Газ
Европа отобрала из ПХГ более 60 млрд куб. м газа с начала отопительного сезона

Запасы газа опустились до около 43%",[],[],[],False
68363,2025-02-19 06:24:07+00:00,"#HYPR
**Российский бизнес зарядных станций для электромобилей (ЭЗС) за последние три года вырос почти в шесть раз** — РБК

С 2022 года по начало февраля 2025-го число организаций, занимающихся бизнесом по созданию и развитию электрических заправок, выросло с 28 до 163.

При этом количество игроков на рынке традиционных топливных заправок за это время, наоборот, несколько уменьшилось — на 128 участников, или 2%, до 10 234 компаний.",[],[],[],False
68362,2025-02-19 06:09:21+00:00,"#Макро
🇺🇸 Некоторые американские компании вернутся на российский рынок во втором квартале 2025 года — глава РФПИ Дмитриев",[],[],[],False
68361,2025-02-18 16:11:49+00:00,"#GAZP [Газпром](https://www.tinkoff.ru/invest/stocks/GAZP?utm_source=security_share)
🟢 **Аномальная лимитка на покупку**

Объем: 631М ₽ (358514 лотов)
Цена: 176.21₽ 
Разница от текущей цены: 0.0%
Изменение за день: -2.13%
Объем до аномальной заявки: 631М ₽
Время: 2025-02-18 18:40:39

**Замечено  Шпионом РЦБ.**
**Подключить:** @StockSpy_bot",[],[],[],False
68360,2025-02-18 16:06:49+00:00,"#POSI [Группа Позитив](https://www.tinkoff.ru/invest/stocks/POSI?utm_source=security_share)
💸 **Байбэк**

2.5. Количество приобретенных голосующих акций (размер приобретенной доли) эмитента (количество голосующих акций эмитента, права в отношении которых удостоверяют приобретенные депозитарные ценные бумаги): (Сведения не раскрываются на основании Постановлений Правительства РФ от 04.07.2023 №1102, от 28.09.2023 №1587).

Дата приобретения эмитентом или подконтрольной эмитенту организацией голосующих акций (долей) эмитента или депозитарных ценных бумаг, удостоверяющих права в отношении голосующих акций эмитента: 13.02.2025 - дата внесения приходной записи по счету депо подконтрольной эмитенту организации.

👉 [Полный текст сообщения](https://www.e-disclosure.ru/portal/event.aspx?EventId=dgvZKY5ggEOG8v6D0u6Xsw-B-B)

**Замечено  Шпионом РЦБ.**
**Подключить:** @StockSpy_bot",[],[],[],False
68359,2025-02-18 13:54:49+00:00,"ЛАВРОВ: ОБЪЯСНИЛИ ПРЕДСТАВИТЕЛЯМ США НА ВСТРЕЧЕ, ЧТО ПРИСУТСТВИЕ НА УКРАИНЕ МИРОТВОРЦЕВ ИЗ СТРАН НАТО ДЛЯ РФ НЕПРИЕМЛЕМО


**Замечено Шпионом РЦБ.
Подключить:** @StockSpy_bot",[],[],[],False
68358,2025-02-18 13:53:07+00:00,"ЛАВРОВ: Я НЕ ВИДЕЛ СООБЩЕНИЙ О ТРЕХСТУПЕНЧАТОМ ПЛАНЕ УКРАИНСКОГО УРЕГУЛИРОВАНИЯ


**Замечено Шпионом РЦБ.
Подключить:** @StockSpy_bot",[],[],[],False
68357,2025-02-18 13:43:47+00:00,"#Политика
Мы не просто слушали, но и слышали друг друга — Лавров",[],[],[],False
68356,2025-02-18 13:42:02+00:00,"#Политика
Началась пресс-конференция Лаврова по итогам двусторонней встречи США И РФ в Эр-Рияде",[],[],[],False
68355,2025-02-18 13:26:06+00:00,"#Политика
**У США и России огромный потенциал сотрудничества** в случае урегулирования конфликта на Украине — Рубио",[],[],[],False
68354,2025-02-18 13:25:20+00:00,"#Политика
**Мы не могли себе и представить лучшего результата таких переговоров**. Мы все были нацелены на то, чтобы получить хороший результат — спецпосланник Трампа Уиткофф",[],[],[],False
68353,2025-02-18 13:22:23+00:00,"РУБИО: РОССИЯ ПОКАЗАЛА ГОТОВНОСТЬ НАЧАТЬ СЕРЬЕЗНЫЙ ПРОЦЕСС ОБСУЖДЕНИЯ ЗАВЕРШЕНИЯ УКРАИНСКОГО КОНФЛИКТА


**Замечено Шпионом РЦБ.
Подключить:** @StockSpy_bot",[],[],[],False
68352,2025-02-18 13:21:53+00:00,"#Политика
ЕС в какой-то момент должен оказаться за столом переговоров, поскольку вводил санкции против России — Рубио",[],[],[],False
68351,2025-02-18 13:19:37+00:00,"#Политика #Нефтянка
G-7 рассматривает пересмотр ограничения цен на российскую нефть: проект документа",[],[],[],False
68350,2025-02-18 13:14:09+00:00,"РУБИО ЗАЯВИЛ, ЧТО ВСЕ СТОРОНЫ ДОЛЖНЫ УЧАСТВОВАТЬ В УКРАИНСКОМ УРЕГУЛИРОВАНИИ, В ТОМ ЧИСЛЕ ЕС - СМИ


**Замечено Шпионом РЦБ.
Подключить:** @StockSpy_bot",[],[],[],False
68349,2025-02-18 13:14:09+00:00,"СОВЕТНИК ТРАМПА: США НАЦЕЛЕНЫ НА ОКОНЧАТЕЛЬНОЕ, А НЕ ВРЕМЕННОЕ РЕШЕНИЕ УКРАИНСКОЙ ПРОБЛЕМЫ, СТРЕМЯТСЯ ДЕЙСТВОВАТЬ БЫСТРО


**Замечено Шпионом РЦБ.
Подключить:** @StockSpy_bot",[],[],[],False
68348,2025-02-18 13:00:23+00:00,"#Политика 
Перед пресс-конференцией глава МИД РФ Лавров пообщался с наследным принцем Саудовской Аравии — СМИ",[],[],[],False
68347,2025-02-18 12:51:38+00:00,"#Политика
РФ и США предлагают трехступенчатый мирный план, включающий прекращение огня, выборы на Украине, затем подписание окончательного соглашения — FOX",[],[],[],False
68346,2025-02-18 12:38:25+00:00,"#Политика
**Одной встречи недостаточно для решения украинского конфликта** — Госдеп",[],[],[],False
68345,2025-02-18 12:38:04+00:00,"#VTBR 
**ВТБ не возлагает надежд на скорое снятие санкци:** даже в случае мирного урегулирования вряд ли компаниям РФ можно будет сразу работать на западных рынках — финдир ВТБ",['VTBR'],['VTBR'],[],False
68344,2025-02-18 12:22:58+00:00,"#Политика
**Главное из заявлений Ушакова по итогам переговоров в Эр-Рияде** — РИА

▪️Переговоры делегаций России и США прошли неплохо.

▪️Россия и США договорились продвигать двусторонние отношения, в этом заинтересованы и Москва, и Вашингтон.

▪️Отдельные команды переговорщиков России и США начнут контакты по Украине в свое время.

▪️Пока трудно сказать, что позиции России и США сближаются, но разговор в Эр-Рияде об этом шел.

▪️Россия и США на переговорах в Эр-Рияде договорились учитывать интересы друг друга.

▪️Встреча Путина и Трампа вряд ли может состояться на следующей неделе, о конкретных датах трудно говорить.

▪️Москва и Вашингтон будут работать, чтобы создать условия для встречи Путина и Трампа.",[],[],[],False
68343,2025-02-18 12:08:40+00:00,"#Политика
**Переговоры РФ и США прошли неплохо** — Ушаков",[],[],[],False
68342,2025-02-18 12:08:14+00:00,"#Политика 
**РФ и США обсудили то, что две великие страны не могут не общаться друг с другом** - глава РФПИ",[],[],[],False
68341,2025-02-18 12:07:45+00:00,"#Политика 
**Глава РФПИ Дмитриев назвал переговоры в Эр-Рияде позитивными**",[],[],[],False
68340,2025-02-18 12:06:15+00:00,"#Политика
**Делегации России и США завершили переговоры в Эр-Рияде**",[],[],[],False
68339,2025-02-18 11:36:33+00:00,"#Политика
Президент Турции Эрдоган начал двусторонние переговоры с Зеленским по урегулированию конфликта на Украине — канцелярия Турции",[],[],[],False
68338,2025-02-18 11:29:19+00:00,"#Политика
❗️ **Пресс-конференция Лаврова по итогам переговоров пройдет в 15:30 мск** — замглавы МИД РФ Глушко",[],[],[],False
68336,2025-02-18 11:15:55+00:00,"#Теханализ #POSI**
Акции Позитива технически вышли из двухмесячного боковика вниз**

Проторговка под нижней границей и отсутствие возврата в боковик сообщают, что продавец продолжает давление

❗️ Вместе с синхронизацией рынка акции Позитива могут продолжить снижение как минимум к 1420-1450 руб

Дельта в Шпионе показывает наличие маркет продавца после отскока с 1420 до 1600. Давление продаж остается",[],[],[],True
68335,2025-02-18 10:33:30+00:00,"#Политика
Стороны вернулись к разговору после 15-минутного перерыва — Россия 24",[],[],[],False
68334,2025-02-18 09:59:40+00:00,"#TRNFP
**Снижение объемов прокачки нефти из Казахстана по КТК из-за ремонта НПС оценивается примерно в 30%, устранение последствий может занять до двух месяецев **— Транснефть",[],[],[],False
68333,2025-02-18 09:30:59+00:00,"#ALRS
Мы закончили год с положительным финансовым результатом в условиях значительного снижения цен на мировом рынке — СЕО Алросы",['ALRS'],['ALRS'],[],False
68332,2025-02-18 09:28:18+00:00,"#Политика 
**После переговоров России и США в Эр-Рияде запланирован пресс-подход главы МИД РФ Сергея Лаврова** — Евгений Попов с телеканала Россия",[],[],[],False
68331,2025-02-18 09:15:49+00:00,"#Политика
**Путин готов к переговорам с Зеленским, но следует учитывать юридические аспекты его легитимности** — Песков",[],[],[],False
68330,2025-02-18 09:07:07+00:00,"#Политика #Санкции
**🇪🇺**** Очередной пакет антироссийских санкций Евросоюза затронет энергетический сектор РФ** — глава МИД Франции.",[],[],[],False
68329,2025-02-18 09:05:08+00:00,https://t.me/cbrstocks/68326,[],[],[],True
68328,2025-02-18 08:56:28+00:00,"#Политика
**ЕС не собирается отменять санкции против РФ, если это сделают США**, будет проводить собственную санкционную политику, введет 16-й пакет — Еврокомиссия",[],[],[],False
68327,2025-02-18 08:55:14+00:00,"#FEES
**Ущерб Россетей от действий ""черных"" майнеров превысил 1.3 млрд рублей в 2024 году **— ТАСС

Наибольший объем ущерба от ""черных"" майнеров зафиксирован компаниями ""Россети Северный Кавказ"" (более 600 млн рублей), ""Россети Новосибирск"" (400 млн рублей), ""Россети Центр и Приволжье"" (120 млн рублей).",[],[],[],False
68326,2025-02-18 08:46:23+00:00,#Политика,[],[],[],True
68325,2025-02-18 08:07:40+00:00,"#CHMF
**Северсталь планирует остановить на капремонт доменную печь N4 во второй половине 2025г** — Интерфакс",[],[],[],False
68324,2025-02-18 08:06:46+00:00,"**X5 — рост по привлекательной оценке. Бизнес X5 растет быстрее Магнита, Ленты и многих других компаний внутреннего спроса. Однако оценивается по мультипликатору EV / EBITDA 2025 года на уровне 3.2х, характерному для стагнирующих компаний.** #цифры

**Что на графике? Оценка компаний внутреннего спроса в зависимости от скорости роста бизнеса.**
✍️ Оценка по EV / EBITDA 2025 года;
✍️ Скорость роста бизнеса — среднегодовой рост выручки за 2021-2025 годы;
✍️ Отсутствие долга —  0.1 EV/EBITDA, то есть в среднем X5 меньше тратит на проценты по долгу, чем компании в сравнении;
✍️ Прогнозы — консенсус брокеров и банков.

😀 @AK47pfl",[],[],[],True
68323,2025-02-18 07:39:28+00:00,"ДМИТРИЕВ: ВОЗОБНОВЛЕНИЕ ПРОКАЧКИ ГАЗА ПО УЦЕЛЕВШЕЙ НИТКЕ СЕВЕРНОГО ПОТОКА В ЭР-РИЯДЕ ПОКА НЕ ОБСУЖДАЛОСЬ


**Замечено Шпионом РЦБ.
Подключить:** @StockSpy_bot",[],[],[],False
68322,2025-02-18 07:38:59+00:00,"#Политика
Прогресс в переговорах РФ и США возможен в ближайшие 2-3 месяца —  глава РФПИ Дмитриев

России и США надо перейти к совместным проектам, в том числе в Арктике",[],[],[],False
68321,2025-02-18 07:38:24+00:00,"ПЕРЕДАЛИ АМЕРИКАНСКОЙ СТОРОНЕ РЯД ПРЕДЛОЖЕНИЙ В ТОРГОВО-ЭКОНОМИЧЕСКОЙ СФЕРЕ, ОНИ НАД НИМИ ДУМАЮТ - ДМИТРИЕВ


**Замечено Шпионом РЦБ.
Подключить:** @StockSpy_bot",[],[],[],False
68320,2025-02-18 07:31:37+00:00,"#Политика
Переговоры делегаций РФ и США начались в Эр-Рияде — РИА Новости",[],[],[],False
68319,2025-02-18 07:22:23+00:00,"#X5
**🧠**** Мозговой центр Сигналов РЦБ отмечает, что X5 отстал от индекса и корзины бумаг в среднем на 5%**

При этом компания может дать рекордную дивидендную доходность в следующие 12 месяцев.

#GAZP #SBER #MGNT #AFLT #AFKS #SMLT #PIKK #NVTK #YDEX","['AFKS', 'NVTK']","['AFKS', 'NVTK']",[],True
68318,2025-02-18 07:11:15+00:00,"#Макро
🇷🇺** Правительство и Банк России договорились о совместном комплексе мер для того, чтобы помочь ЦБ быстрее приступить к смягчению ДКП** — министр экономического развития Решетников.",[],[],[],False
68317,2025-02-18 06:53:51+00:00,"#SOFL #Отчетность
🖨 Софтлайн: МСФО 2024

Оборот 120.7 млрд руб (+32% г/г) 
Скорр. EBITDA 7 млрд руб (+57% г/г) 
Чистая прибыль 1.79 млрд руб (-41% г/г)

Компания сократила чистый долг до 6.8 млрд руб.",[],[],[],True
68316,2025-02-18 06:19:00+00:00,"#SOFL
""СОФТЛАЙН"" ПОДТВЕРДИЛ ПРОГНОЗ ПО РОСТУ ОБОРОТА В 2025Г ДО НЕ МЕНЕЕ 150 МЛРД РУБ. - КОМПАНИЯ


[SOFL](https://www.tinkoff.ru/invest/stocks/SOFL?utm_source=security_share) 120.62₽

**Замечено Шпионом РЦБ.
Подключить:** @StockSpy_bot",[],[],[],False
68315,2025-02-18 06:18:53+00:00,"#SOFL
ОБОРОТ ""СОФТЛАЙН"" В IV КВАРТАЛЕ ВЫРОС НА 28%, ДО 49,6 МЛРД РУБЛЕЙ - КОМПАНИЯ


[SOFL](https://www.tinkoff.ru/invest/stocks/SOFL?utm_source=security_share) 120.62₽

**Замечено Шпионом РЦБ.
Подключить:** @StockSpy_bot",[],[],[],False
68314,2025-02-17 16:56:36+00:00,"❗️ **Обновленная инструкция по Шпиону РЦБ**

Подробный разбор всех функций: с описанием и возможными стратегиями их использования в своей торговле. 

**Пользователю Шпиона РЦБ доступны следующие функции**
• Дельта
• Рейтинг акций по покупкам и продажам/
• Доступ к чату с аналитиком и другими пользователями
• Аномальные объемы
• Аномальные лимитки
• Моментальные новости из первоисточников
• Раскрытие корпоративной информации

Все эти функции подробно описаны в инструкции:

[👉 ЧИТАТЬ РУКОВОДСТВО](https://dzen.ru/a/Z4T3vjatYHRrNAs6)

Обязательно к прочтению перед подключением

[👉](https://dzen.ru/a/Z4T3vjatYHRrNAs6) [ПОДКЛЮЧИТЬСЯ К ШПИОНУ](https://t.me/StockSpy_bot)",[],[],[],True
68313,2025-02-17 16:00:07+00:00,"Т-ТЕХНОЛОГИИ ПОДТВЕРЖДАЕТ ПЛАНЫ ВЕРНУТЬСЯ К ЕЖЕКВАРТАЛЬНЫМ ДИВИДЕНДНЫМ ВЫПЛАТАМ - ГРУППА


**Замечено Шпионом РЦБ.
Подключить:** @StockSpy_bot",[],[],[],False
68312,2025-02-17 16:00:07+00:00,"ЧИСТАЯ ПРИБЫЛЬ ОБЪЕДИНЕННОГО Т-БАНКА В ЯНВАРЕ ПО РСБУ СОСТАВИЛА 6 МЛРД РУБ. - ГРУППА


**Замечено Шпионом РЦБ.
Подключить:** @StockSpy_bot",[],[],[],False
68311,2025-02-17 14:17:23+00:00,"📈 **#ETH**** $7.847М +0.67%**

🔶 **Аномальное изменение цены ETH**

Объем: $7.847М
Покупка 96% Продажа 4%
Цена: 2804.710

Изменение цены:
  на объеме: +0.67%
  за сегодня: +5.38%

Время: 17.02.2025 17:10:21

**Замечено Шпионом: ****@StockSpy_bot**",[],[],[],False
68310,2025-02-17 14:13:58+00:00,"#IMOEX**
Индекс Мосбиржи выше 3300 пунктов впервые с 30 мая 2024**",[],[],[],True
68309,2025-02-17 14:10:05+00:00,"#HYPR
На 1 января 2025 года в России было зарегистрировано 59.6 тыс. электромобилей — [Автостат](https://www.autostat.ru/news/59463/).

Продажи электрокаров за 2 года выросли в 6 раз.

Порядка 60% от этого количества приходится на электрокары трех брендов, а именно: Nissan (16.7 тыс. шт.), Zeekr (11.2 тыс. шт.) и Tesla (6,7 тыс. шт.). Из моделей особо выделяются Nissan Leaf (16.6 тыс. шт.) и Zeekr 001 (7.9 тыс. шт.), которые суммарно занимают более 40% российского «электропарка».",[],[],[],True
68308,2025-02-17 13:54:04+00:00,#IMOEX максимум с мая 2024,[],[],[],True
68307,2025-02-17 13:43:42+00:00,"**В 2025 году экономику России ждут мир, дефляционные тенденции, смягчение ДКП и риски для экспорта углеводородов. Фреймворк на 2025 год от главного стратега клуба RDV PREMIUM 361°. **#аналитика

**Вводные параметры:**
✍️**Мир:** Путин и Трамп прямо говорят, что хотят мир. Возможно, бюрократы с обеих сторон (особенно в ЕС) и большое число вопросов в повестке затянут переговоры. Но тренд понятен.
✍️**Санкции: сохранить нельзя ослабить:**
- Трамп прямо говорит, что хочет использования долларов в международных расчетах — значит, не попавшей под санкции части экономики РФ вернут нормальный доступ к международным расчетам (к SWIFT, счетам в международных банках, платежным системам Visa и Master Card). И это может произойти в ближайшие пару месяцев.
- Санкции в основном сохранятся. По крайней мере, пока так кажется.
✍️Слабое место РФ — это по-прежнему цены на углеводороды и объемы их экспорта. И Трамп будет на эти рычаги давить, если потребуются дополнительные аргументы в переговорах. Да и США хотят [доминировать](https://www.whitehouse.gov/fact-sheets/2025/02/fact-sheet-president-donald-j-trump-establishes-the-national-energy-dominance-council/) на важных для РФ рынках нефти и газа.

**Последствия для экономики РФ:**
✍️**Вместо высокой инфляции будет дефляционный шок, возврат к исторически средним ставкам (~10%).**
Мир, сокращение транзакционных издержек во внешней торговле, возврат западных компаний на рынок РФ, нормализация гос. расходов на оборону будут иметь дефляционный эффект на экономику РФ. ДКП будет смягчаться и быстро.
✍️**Курс рубля не крепче текущих уровней.**
Большого апсайда в сторону укрепления нет. А долгосрочные факторы слабости есть:
- Сокращение роли углеводородов в мире и вытеснение РФ с этого рынка американцами;
- Хронический отток капитала (что сделаем все мы, когда нам разрешат снова открывать счета в зарубежных банках и брокерах? Возить немецкие авто?);
- Неопределенность с замороженными активами нерезидентов на счетах типа С.

**Что включить в портфель? Где есть апсайд 30%+?**
✍️Длинные ОФЗ (26243 и др.).
✍️Компании роста из-за чувствительности оценок их акций к уровню процентных ставок — Яндекс (YDEX), Т-Банк (T).
✍️Компании, чей бизнес выиграет от снижения ставки — Hyper (HYPR).
✍️Экспортеры, не подпадающие под санкции — Татнефть ([TATN](https://neo.putinomics.ru/dashboard/TATN/MOEX)), Лукойл ([LKOH](https://neo.putinomics.ru/dashboard/LKOH/MOEX)).

Подключить доступ к аналитике: @RDVPREMIUMbot","['AFKS', 'TATN', 'LKOH']",[],"['AFKS', 'LKOH', 'TATN']",False
68306,2025-02-17 12:03:03+00:00,"#Политика
Украина ничего не знала о переговорах в Саудовской Аравии **и не будет их признавать** — Зеленский",[],[],[],False
68305,2025-02-17 10:45:01+00:00,"#Политика
❗️** О территориальных уступках Украине в ходе переговоров и мысли быть не может **— глава МИД РФ Лавров",[],[],[],False
68304,2025-02-17 10:22:27+00:00,"#Политика
Хотим прежде всего послушать американских коллег 18 февраля в Эр-Рияде — глава МИД РФ Лавров",[],[],[],False
68303,2025-02-17 09:50:14+00:00,"#RASP [Распадская](https://www.tinkoff.ru/invest/stocks/RASP?utm_source=security_share)
💰 **Проведение заседания СД и его повестка дня**

Текущая цена: 288.25 ₽

2.2025
2. Содержание сообщения
2.1. Дата принятия председателем совета директоров эмитента решения о проведении заседания совета директоров эмитента или дата принятия иного решения, которое в соответствии с уставом эмитента, его внутренними документами или обычаями делового оборота является основанием для проведения заседания совета директоров эмитента: 14.02.2025г.
2.2. Дата проведения заседания совета директоров эмитента: 20.02.2025г.

2.3. Повестка совета директоров эмитента:
1. Отчет Комитета по аудиту СД ПАО ""Распадская"".
2. Рассмотрение оценки системы управления рисками и внутреннего контроля.
3. Рекомендации годовому Общему собранию акционеров по **распределению прибыли** **дивидендов**) по результатам 2024 отчетного года.
4. Одобрение консолидированной финансовой отчетности за 2024 год, а также пакета раскрытия информации для инвесторов.
5. Отчет Комитета по охране труда, здоровья и окружающей среды СД.
6. Отчет Комитета по вознаграждениям СД.
7. Об оценке деятельности СД.
8. Отчет по приоритетным направлениям деятельности Общества.

👉 [Полный текст сообщения](https://www.e-disclosure.ru/portal/event.aspx?EventId=NHdx6RTCy0GWARs1HPh8Zg-B-B)

**Замечено  Шпионом РЦБ.**
**Подключить:** @StockSpy_bot",[],[],[],False
68302,2025-02-17 09:46:52+00:00,"#Политика
🇷🇺 Ушаков и Лавров во вторник в Эр-Рияде обсудят с американскими коллегами организацию возможной встречи президентов России и США — пресс-секретарь президента РФ Песков",[],[],[],False
68301,2025-02-17 09:33:57+00:00,"#Политика
**США хотят включить военнослужащих из Бразилии и Китая в миротворческий контингент на Украине** — The Economist",[],[],[],False
68300,2025-02-17 09:24:01+00:00,"РОСТ ЭКОНОМИКИ РФ ПЕРЕСТАЛ БЫТЬ ФРОНТАЛЬНЫМ, ПРОЯВЛЯЮТСЯ ПЕРВЫЕ ПРИЗНАКИ ОХЛАЖДЕНИЯ, ЗАМЕДЛЕНИЕ В РЯДЕ ОТРАСЛЕЙ - РЕШЕТНИКОВ


**Замечено Шпионом РЦБ.
Подключить:** @StockSpy_bot",[],[],[],False
68299,2025-02-17 09:20:10+00:00,"ОСНОВНАЯ ЦЕЛЬ ВЗАИМОДЕЙСТВИЯ ПРАВИТЕЛЬСТВА И ЦБ - НЕ ДОПУСТИТЬ ПЕРЕОХЛАЖДЕНИЯ ЭКОНОМИКИ РФ - НОВАК


**Замечено Шпионом РЦБ.
Подключить:** @StockSpy_bot",[],[],[],False
68298,2025-02-17 09:07:10+00:00,"#Политика
Глава Российского фонда прямых инвестиций Кирилл Дмитриев во вторник встретится с делегацией США в Саудовской Аравии, чтобы обсудить укрепление связей и расширение экономического сотрудничества — Reuters",[],[],[],False
68297,2025-02-17 09:05:03+00:00,"#Макро **
Visa и Mastercard в ближайшее время вернутся в РФ ** — глава Комитета Госдумы по финансовому рынку Аксаков",[],[],[],False
68296,2025-02-17 09:04:13+00:00,"#Макро
В Министерстве финансов США разрабатывают документ, содержащий перечень российских банков, которые планируется вновь подключить к международной системе расчётов SWIFT — [IXBT](https://www.ixbt.com/live/crypto/rubl-ukreplyaetsya-na-fone-novostey-o-snyatii-chasti-sankciy.html)",[],[],[],True
68295,2025-02-17 08:20:31+00:00,"#Политика
Белый дом опубликовал видео, где лимузин Трампа рассекает по гоночной трассе",[],[],[],True
68294,2025-02-17 08:02:11+00:00,⚡️⚡️⚡️ Слили первое видео со встречи Путина и Трампа,[],[],[],True
68293,2025-02-17 07:50:16+00:00,"#Политика
Америка живет на другой планете, а конференция стала кошмаром для ЕС — глава Мюнхенской конференции журналистам",[],[],[],False
68292,2025-02-17 07:47:58+00:00,"#Ритейл
Союз торговых центров обратился к компаниям Uniqlo, H&M и Inditex (владеет брендами Zara, Massimo Dutti, Bershka, Oysho, Pull & Bear) с предложением вернуться в Россию — РИА",[],[],[],False
68291,2025-02-17 07:05:54+00:00,"#FIXP
FIX PRICE МОЖЕТ ПРОВЕСТИ ОБМЕН СВОИХ GDR НА АКЦИИ ОПЕРАЦИОННОЙ ""ДОЧКИ"" В РАМКАХ ГОТОВЯЩЕЙСЯ РЕСТРУКТУРИЗАЦИИ - СООБЩЕНИЕ


[FIXP](https://www.tinkoff.ru/invest/stocks/FIXP?utm_source=security_share) 189.4₽

**Замечено Шпионом РЦБ.
Подключить:** @StockSpy_bot",[],[],[],False
68290,2025-02-17 07:02:46+00:00,**#IMOEX**** +2.2% на открытии основной сессии**,[],[],[],True
68289,2025-02-17 07:00:43+00:00,Русагро планка с аука,[],[],[],True
68288,2025-02-17 07:00:29+00:00,"#Политика
🇺🇸 Госсекретарь США вылетел в Саудовскую Аравию для переговоров с Россией по Украине — France Press",[],[],[],False
68287,2025-02-17 06:33:15+00:00,"#ЦБРФ
**Центробанк оштрафовали за незаконное хранение оружия

**Росгвардия при проверке нашла оружие, принадлежащее службе безопасности «Сбера» и ЧОП «Регион профи». В ЦБ сообщили, что пистолеты хранились в банке не более двух часов, их сдали инкассаторы, приехавшие для сдачи-приема ценностей.",[],[],[],False
68286,2025-02-17 06:27:51+00:00,"#Политика
🇺🇸 Трамп подписал указ о создании совета по энергетическому доминированию США — Белый дом",[],[],[],False
68285,2025-02-16 20:51:48+00:00,"#Политика
**Переговоры по Украине с участием российской официальной делегации должны пройти в Эр-Рияде во вторник, 18 февраля — **[**Коммерсант**](https://www.kommersant.ru/doc/7513890)**
**
С американской стороны ожидается участие госсекретаря Марка Рубио, советника президента США по нацбезопасности Майка Уолца и спецпосланника президента США по Ближнему Востоку Стива Уиткоффа.",[],[],[],False
68284,2025-02-16 16:04:25+00:00,"#Политика
Делегация США в воскресенье отправляется в Саудовскую Аравию для переговоров с представителями РФ, есть надежда на хороший прогресс — Спецпосланник Трампа Уиткофф 

Также спецпосланник Келлог раскрыл некоторым европейским союзникам переговорную тактику США. Тактика нетипична, но несет определенные надежды",[],[],[],False
68283,2025-02-15 19:06:05+00:00,"#Политика
**Путин и Трамп могут встретиться в конце февраля **— [Bloomberg](https://www.bloomberg.com/news/articles/2025-02-15/top-officials-to-meet-next-week-to-prepare-trump-putin-summit)

Высокопоставленные должностные лица России и США проведут переговоры в Саудовской Аравии на следующей неделе. 

Они должны будут подготовить встречу двух президентов — Владимира Путина и Дональда Трампа, 

Скорее всего, группы будут состоять из советников по национальной безопасности России и США.",[],[],[],False
68282,2025-02-15 19:03:27+00:00,"#Политика
**Глава МИД РФ Лавров провел телефонный разговор с госсекретарем США Рубио** — МИД РФ

Лавров и Рубио договорились продолжить регулярные контакты, в том числе для подготовки российско-американской встречи на высшем уровне. 

Также политики обозначили обоюдный настрой на взимодействие по международной тематике, включая украинское регулирование

__Разговор состоялся по инициативе со стороны США__",[],[],[],False
68281,2025-02-14 16:27:06+00:00,"🔥 **Ситуация в чате **[**Шпиона РЦБ**](https://t.me/stockspy_bot)** после удачных сделок Аналитика**

Уникальные биржевые данные для ваших торговых стратегий + профессиональный взгляд аналитика на рынок — то, каким, по-нашему мнению, должен быть по-настоящему полезный инструмент для активных участников торгов.

Находить аномалии на бирже, следить за силой покупателей и продавцов, знать, чем торгуют лидеры мнений, получать профессиональное мнение по рынку. Все это и многое другое вы можете в Шпионе РЦБ. 

👉 [Инструкция](https://t.me/cbrstocks/67482)

❗️ [ПОДКЛЮЧИТЬСЯ К ШПИОНУ](https://t.me/stockspy_bot)",[],[],[],True
68280,2025-02-14 15:26:35+00:00,"#Дивиденды #SIBN #Прогноз
**Возможный финальный дивиденд Газпром нефти исходя из отчетности — 27 руб** на акцию при выплате 75% чистой прибыли

Доходность 4%",['SIBN'],['SIBN'],[],False
68279,2025-02-14 15:25:15+00:00,"#GAZP #SIBN
""ГАЗПРОМ НЕФТЬ"": РУКОВОДСТВО КОМПАНИИ В НАСТОЯЩЕЕ ВРЕМЯ ОЦЕНИВАЕТ ВЛИЯНИЕ ВЕДЕННЫХ В ЯНВАРЕ САНКЦИЙ НА ДЕЯТЕЛЬНОСТЬ ГРУППЫ


[GAZP](https://www.tinkoff.ru/invest/stocks/GAZP?utm_source=security_share) 165.19₽
[SIBN](https://www.tinkoff.ru/invest/stocks/SIBN?utm_source=security_share) 613.8₽

**Замечено Шпионом РЦБ.
Подключить:** @StockSpy_bot",['SIBN'],['SIBN'],[],False
68278,2025-02-14 15:24:19+00:00,"#SIBN #Отчетность
**🖨 Газпром нефть: МСФО 2024**

Выручка 3.82 трлн руб (+15% г/г)
Чистая прибыль 522 млрд руб (-24% г/г)",['SIBN'],['SIBN'],[],True
68277,2025-02-14 15:21:58+00:00,"⬇️ **#SIBN**** 31.9M₽ -0.88%**

🔷 **Аномальный объем **
[**Газпром нефть**](https://www.tinkoff.ru/invest/stocks/SIBN?utm_source=security_share)

Объём: 31.9M₽ (51824 лотов)
Покупка: 6% Продажа: 94%
Цена: 616.25₽

Изменение цены:
    на объеме: -0.88%
    за сегодня: -2.79%

Время: 2025-02-14 18:21:16
**Замечено Шпионом РЦБ.**
**Подключить: ****@StockSpy_bot**",['SIBN'],['SIBN'],[],False
68275,2025-02-14 15:21:27+00:00,"#SIBN [Газпром нефть](https://www.tinkoff.ru/invest/stocks/SIBN?utm_source=security_share)
🖨 **Годовая консолидированная финансовая отчетность по МСФО или иным международно признанным стандартам**

Отчетный год: 2024
Отчетный период: 4

👉 [Полный текст сообщения](https://www.e-disclosure.ru/portal/fileload.ashx?fileid=1865899)

**Замечено  Шпионом РЦБ.**
**Подключить:** @StockSpy_bot",['SIBN'],['SIBN'],[],False
68274,2025-02-14 15:07:49+00:00,"**#SMLT**** 
В рамках оферты Самолет **[**погасил **](https://samolet.ru/investors/press/gk-samolet-soobshaet-ob-itogah-oferty-po-obligaciy/)**облигации БО-П11 на сумму 13.6 млрд рублей из 20 млрд рублей всего выпуска**, помимо этого компаниями группы были выкуплены облигации на 3.9 млрд рублей. 

Так же ранее компания по добровольной оферте [выкупила облигации](https://t.me/cbrstocks/67988) на 2 млрд рублей.

**Итоговое снижение долговой нагрузки составляет 19.5 млрд рублей** в феврале: 13.6 + 3.9 + 2 = 19.5 млрд.",[],[],[],False
68273,2025-02-14 15:05:13+00:00,"#Политика
Если Китай перестанет покупать газ у России, какая страна может представить столько газа? — глава МИД Китая

• Китай считает, что все стороны должны в подходящее время участвовать в мирных переговорах по Украине.

• Украинский кризис происходит на европейской земле, и Европа должна играть важную роль в том, чтобы устранить первопричины кризиса, добавил дипломат.",[],[],[],False
68272,2025-02-14 14:53:42+00:00,"#GAZP #STKG #KLOG #RTGZ
**Газпром просит обеспечить возвратность финансирования своих расходов на газификацию со стороны ГРО**

Газпром заинтересован в обеспечении возвратности финансирования своих расходов на газификацию со стороны газораспределительных организаций и независимых газораспределительных операторов.",[],[],[],False
68271,2025-02-14 14:15:13+00:00,"#PHOR [ФосАгро](https://www.tinkoff.ru/invest/stocks/PHOR?utm_source=security_share)
💰 **Решения СД**

Текущая цена: 6849.0 ₽

Часть чистой прибыли Общества, полученной по результатам 2024 года, направить на выплату **дивидендов** по акциям Общества в размере 171 рубль на каждую обыкновенную именную бездокументарную акцию.

👉 [Полный текст сообщения](https://www.e-disclosure.ru/portal/event.aspx?EventId=1PxHYDkAwkKZwkdHRW2OSw-B-B)

**Замечено  Шпионом РЦБ.**
**Подключить:** @StockSpy_bot",['PHOR'],['PHOR'],[],False
68270,2025-02-14 13:20:32+00:00,"#SMLT #Отчетность 
**Самолет: Операционные результаты за 2024**

✅ Объем продаж: 1.3 млн кв м — выполнили гайденс со Дня Инвестора
✅ Объем ввода в 2026: 1.6 млн кв м — согласно гайденсу
✅ Средняя цена 213.5 тыс/кв.м.  — рост на 15%",[],[],[],True
68269,2025-02-14 13:15:18+00:00,"#Политика
Путин обсудил с Совбезом итоги разговора с Трампом и разворачивающиеся контакты с США — Песков",[],[],[],False
68268,2025-02-14 13:07:06+00:00,"#IMOEX
**Индекс Мосбиржи ниже 3200**",[],[],[],True
68267,2025-02-14 12:50:37+00:00,"#Макро
**Юань начал закрывать гэп, сформированный несколько дней назад**",[],[],[],True
68266,2025-02-14 12:34:53+00:00,"#Политика
Спецпосланник Трампа Стив Уиткофф в переговорах по Украине будет отвечать за диалог с Москвой, а спецпосланник Кит Келлог —  за диалог с Киевом и Европой — Reuters",[],[],[],False
68265,2025-02-14 12:28:23+00:00,"НАБИУЛЛИНА: В БАЗОВОМ СЦЕНАРИИ ЦБ РФ ПОКА НЕТ ФАКТОРА УРЕГУЛИРОВАНИЯ УКРАИНСКОГО КОНФЛИКТА, СЕЙЧАС ЕГО ПРЕЖДЕВРЕМЕННО ВКЛЮЧАТЬ


**Замечено Шпионом РЦБ.
Подключить:** @StockSpy_bot",[],[],[],False
68264,2025-02-14 12:23:13+00:00,"#Макро
В первую очередь смотрим на дефицит бюджета РФ. Также смотрим на инфляционные ожидания населения — Набиуллина",[],[],[],False
68263,2025-02-14 12:14:25+00:00,"НАБИУЛЛИНА: НУЖНО БОЛЬШЕ ДАННЫХ И ВРЕМЕНИ, ЧТОБЫ УБЕДИТЬСЯ В УСТОЙЧИВОСТИ ЗАМЕДЛЕНИЯ КОРПОРАТИВНОГО КРЕДИТОВАНИЯ


**Замечено Шпионом РЦБ.
Подключить:** @StockSpy_bot",[],[],[],False
68262,2025-02-14 12:12:27+00:00,"#Макро
ЦБ не обсуждали снижение ставки на этом заседании — Набиуллина",[],[],[],False
68261,2025-02-14 12:11:53+00:00,"#Макро
Требуется более долгий период удержания жесткой ДКП — Набиуллина",[],[],[],False
68260,2025-02-14 12:11:23+00:00,"#Макро
Также будем учитывать геополитические факты, пока что они остаются неопределенными — Набиуллина",[],[],[],False
68259,2025-02-14 12:09:30+00:00,"#Макро
Инфляция в 10% для ЦБ РФ является неприемлемо высоким уровнем — Набиуллина",[],[],[],False
68258,2025-02-14 12:02:54+00:00,"НАБИУЛЛИНА: УЖЕ НАБРАННОЙ ЖЕСТКОСТИ ДКУ МОЖЕТ БЫТЬ ДОСТАТОЧНО ДЛЯ ЗАМЕДЛЕНИЯ ИНФЛЯЦИИ, НО ЕСЛИ ЕЕ НЕ ХВАТИТ - ГОТОВЫ ВЕРНУТЬСЯ К ВОПРОСУ О ПОВЫШЕНИИ СТАВКИ В МАРТЕ


**Замечено Шпионом РЦБ.
Подключить:** @StockSpy_bot",[],[],[],False
68257,2025-02-14 12:01:10+00:00,"#ЦБРФ
Началось",[],[],[],True
68256,2025-02-14 11:59:52+00:00,"#ЦБРФ**
Скоро начнется пресс-конференция по итогам заседания ЦБ РФ**",[],[],[],True
68255,2025-02-14 11:59:16+00:00,Че-то у ЦБ телега лагает),[],[],[],True
68254,2025-02-14 11:52:16+00:00,"#Политика
**На вопрос о возможных санкциях в отношении России, министр финансов США Бессент ответил — это будет зависеть от переговорной позиции России**",[],[],[],False
68253,2025-02-14 11:44:53+00:00,"#Макро
🇷🇺 Ключевая ставка может быть снижена уже на следующем заседании — Аксаков",[],[],[],False
68252,2025-02-14 11:44:01+00:00,"#NVTK
**НОВАТЭК не ждет улучшения ситуации с санкциями в СПГ, хочет сохранить долю на рынке РФ в 18-20%**
""НОВАТЭК"" не ожидает улучшения ситуации с санкциями в отношении отечественной отрасли по сжижению природного газа (СПГ) по мере снижения геополитической напряженности, намерен сохранить долю на внутреннем рынке газа в 18-20%, сообщил заместитель председателя правления компании Эдуард Гудков в ходе форума ""Газ России"".

[NVTK](https://www.tinkoff.ru/invest/stocks/NVTK?utm_source=security_share) 1233.8₽

👉[Полная новость](http://telegra.ph/NOVATEHK-ne-zhdet-uluchsheniya-situacii-s-sankciyami-v-SPG-hochet-sohranit-dolyu-na-rynke-RF-v-18-20-02-14-2)

**Замечено Шпионом РЦБ.
Подключить:** @StockSpy_bot",['NVTK'],['NVTK'],[],False
68251,2025-02-14 11:25:11+00:00,"ЦБ РФ УСТАНОВИЛ С 1 АПРЕЛЯ НАДБАВКУ К КОЭФФИЦИЕНТАМ РИСКА В РАЗМЕРЕ 20% НА ПРИРОСТ КРЕДИТНЫХ ТРЕБОВАНИЙ К КРУПНЫМ КОМПАНИЯМ С ПОВЫШЕННОЙ ДОЛГОВОЙ НАГРУЗКОЙ - РЕЛИЗ


**Замечено Шпионом РЦБ.
Подключить:** @StockSpy_bot",[],[],[],False
68250,2025-02-14 10:31:08+00:00,"ЦБ РФ ПО-ПРЕЖНЕМУ ЖДЕТ ВОЗВРАЩЕНИЯ ИНФЛЯЦИИ К ЦЕЛИ В 4% В 2026Г


**Замечено Шпионом РЦБ.
Подключить:** @StockSpy_bot",[],[],[],False
68249,2025-02-14 10:31:01+00:00,"СИГНАЛ ЦБ ПО СТАВКЕ НЕИЗМЕНЕН: БУДЕТ ОЦЕНИВАТЬ ЦЕЛЕСООБРАЗНОСТЬ ПОВЫШЕНИЯ НА БЛИЖАЙШЕМ ЗАСЕДАНИИ


**Замечено Шпионом РЦБ.
Подключить:** @StockSpy_bot",[],[],[],False
68248,2025-02-14 10:30:48+00:00,"ЦБ РФ ПОВЫСИЛ ПРОГНОЗ ПО ИНФЛЯЦИИ НА 2025Г ДО 7-8% С 4,5-5%


**Замечено Шпионом РЦБ.
Подключить:** @StockSpy_bot",[],[],[],False
68247,2025-02-14 10:30:34+00:00,"**ПРЕСС-РЕЛИЗ ЦБ РФ: БАНК РОССИИ ПРИНЯЛ РЕШЕНИЕ СОХРАНИТЬ КЛЮЧЕВУЮ СТАВКУ НА УРОВНЕ 21,00% ГОДОВЫХ


**Замечено Шпионом РЦБ.
Подключить:** @StockSpy_bot",[],[],[],False
68246,2025-02-14 10:17:03+00:00,"#Макро #ЦБРФ
💥🇷🇺** Решение по процентной ставке ЦБ РФ** через 14 минут",[],[],[],False
68245,2025-02-14 09:58:51+00:00,"#Политика
По теме украинского урегулирования Кремлю сообщить пока нечего — пресс-секретарь президента РФ Песков",[],[],[],False
68244,2025-02-14 09:55:21+00:00,"#RNFT
**Русснефть в 2024г увеличила чистую прибыль по РСБУ на треть - до 42,25 млрд рублей**
ПАО ""Русснефть"" в 2024 году получило чистую прибыль в 42,25 млрд рублей по РСБУ, что на 32,9% больше результата предыдущего года (31,785 млрд рублей), сообщается в отчете компании.

[RNFT](https://www.tinkoff.ru/invest/stocks/RNFT?utm_source=security_share) 161.5₽

👉[Полная новость](http://telegra.ph/Russneft-v-2024g-uvelichila-chistuyu-pribyl-po-RSBU-na-tret---do-4225-mlrd-rublej-02-14-2)

**Замечено Шпионом РЦБ.
Подключить:** @StockSpy_bot",[],[],[],False
68243,2025-02-14 09:35:41+00:00,"⬇️📉 **#ROSN**** 95.4M₽ -1.28%**

🔷🔶 **Аномальный объем и изменение цены **
[**Роснефть**](https://www.tinkoff.ru/invest/stocks/ROSN?utm_source=security_share)

Объём: 95.4M₽ (168660 лотов)
Покупка: 9% Продажа: 91%
Цена: 565.85₽

Изменение цены:
    на объеме: -1.28%
    за сегодня: -1.30%

Время: 2025-02-14 12:34:25
**Замечено Шпионом РЦБ.**
**Подключить: ****@StockSpy_bot**",['ROSN'],['ROSN'],[],False
68242,2025-02-14 09:14:42+00:00,"Не менее важно что для подписчиков ИМ самый мощный инструмент для анализа рынка доступен со скидкой 10% по [**ссылке**](https://t.me/stockspy_bot?start=promo_mem10). (Вы только взгляните что он [могёт](https://t.me/cbrstocks/67482)).

Ну а свои варианты трех самых важных слов, можно закинуть в комменты👇",[],[],[],True
68241,2025-02-14 09:11:38+00:00,"#SPBE
ДИСКРЕТНЫЙ АУКЦИОН: ОБЫКНОВЕННЫЕ АКЦИИ ""СПБ БИРЖИ"" С 12:12 МСК ИЗ-ЗА РОСТА ЦЕНЫ БОЛЕЕ ЧЕМ НА 20%


[SPBE](https://www.tinkoff.ru/invest/stocks/SPBE?utm_source=security_share) 212.6₽

**Замечено Шпионом РЦБ.
Подключить:** @StockSpy_bot",[],[],[],False
68240,2025-02-14 08:52:17+00:00,"#ABIO
**Артген биотех и Фонд Сколково подписали договор о стратегическом партнерстве**",[],[],[],False
68239,2025-02-14 08:52:04+00:00,"#MTSS
МТС увеличила на 5.5% свою долю в сервисе кикшеринга МТС Юрент, до 84.6% — Ведомости",['MTSS'],['MTSS'],[],False
68234,2025-02-14 08:42:39+00:00,❤️ Разбираем валентинки и отправляем любимым,[],[],[],True
68233,2025-02-14 07:38:07+00:00,"#Уголь
**Индийский рынок может стать перспективнее китайского для экспорта угля** — Ведомости

Экспортные цены на российский коксующийся уголь, направляемый в Индию, оказались на $13–18 за 1 т. выше, чем при поставках в Китай. 

Аналитики прогнозируют, что на фоне замедления темпов строительства в Китае эта тенденция сохранится в течение всего 2025 г.",[],[],[],False
68232,2025-02-14 07:19:44+00:00,"#RKKE 
 РКК Энергия 20 февраля — СД рассмотрит вопрос об определении цены размещения дополнительных обыкновенных акций",[],[],[],False
68231,2025-02-14 06:29:18+00:00,"#VTBR
**Прогноз ЦБ по инфляции на 2025г таит больше интриги, чем само решение по ставке и сигнал - Пьянов**
Банк России может удивить рынок новым среднесрочным макроэкономическим прогнозом, точно повысит прогноз по инфляции на 2025 год с 4,5-5%, считает первый зампред правления ВТБ Дмитрий Пьянов.

[VTBR](https://www.tinkoff.ru/invest/stocks/VTBR?utm_source=security_share) 93.4₽

👉[Полная новость](http://telegra.ph/Prognoz-CB-po-inflyacii-na-2025g-tait-bolshe-intrigi-chem-samo-reshenie-po-stavke-i-signal---Pyanov-02-14-2)

**Замечено Шпионом РЦБ.
Подключить:** @StockSpy_bot",['VTBR'],['VTBR'],[],False
68230,2025-02-14 06:21:53+00:00,"#Политика
**США хотят** **иметь свою долю в украинской экономике** после урегулирования конфликта — глава Минфина США Бессент",[],[],[],False
68228,2025-02-14 06:15:18+00:00,"#Макро #Политика
Индия и США намерены удвоить товарооборот до $500 млрд к 2030 году — премьер-министр Индии Моди

США и Индия создадут ""один из величайших"" торговых маршрутов в истории — президент США Трамп",[],[],[],False
68227,2025-02-14 06:09:10+00:00,"#VKCO
VK приобрел 25% в разработчике офисного программного обеспечения Р7",[],[],[],False
68226,2025-02-13 18:44:42+00:00,"#MOEX
❗️Торги сегодня возобновлены не будут

Расходимся",[],[],[],False
68225,2025-02-13 17:56:21+00:00,"МОСБИРЖА: ТОРГИ НА ФОНДОВОМ РЫНКЕ ПРИОСТАНОВЛЕНЫ С 20.40 МСК

Пацаны, может рано нам на выходных торговать?)
Может не надо?)",[],[],[],False
68224,2025-02-13 16:01:13+00:00,"#SIBN
КОНСЕНСУС: Чистая прибыль Газпром нефти во II полугодии - 158 млрд рублей (-52% г/г), прогноз по финальным дивидендам - 31,8 руб./АО (5% за полугодие)",['SIBN'],['SIBN'],[],False
68223,2025-02-13 14:02:12+00:00,"#GCHE
СОВЕТ ДИРЕКТОРОВ ГРУППЫ ""ЧЕРКИЗОВО"" РЕКОМЕНДОВАЛ ДИВИДЕНДЫ ЗА 2024 Г. В 98,92 РУБ. НА АКЦИЮ


[GCHE](https://www.tinkoff.ru/invest/stocks/GCHE?utm_source=security_share) 4538.0₽

**Замечено Шпионом РЦБ.
Подключить:** @StockSpy_bot",[],[],[],False
68222,2025-02-13 14:01:37+00:00,"#GCHE #Отчетность
**🖨 Черкизово: МСФО 2024**

Выручка: 259.2 млрд руб (+13.7% г/г)
Скорр. EBITDA: 46.3 млрд руб (-4.8% г/г)
Чистая прибыль: 19.9 млрд руб (-39.8% г/г)",[],[],[],True
68221,2025-02-13 14:00:48+00:00,"#GCHE [Группа Черкизово](https://www.tinkoff.ru/invest/stocks/GCHE?utm_source=security_share)
💰 **Созыв общего собрания акционеров**

Повестка дня общего собрания участников эмитента:
1. Об утверждении Устава Общества в новой редакции.
2. Об утверждении годового отчета Общества за 2024 год.
3. Об утверждении годовой бухгалтерской отчетности Общества за 2024 год.
4. О распределении прибыли Общества, в том числе выплате дивидендов, и убытков по результатам 2024 года.
5. Об определении количественного состава СД Общества.
6. Об избрании членов СД Общества.
7. О назначении аудиторской организации Общества.

👉 [Полный текст сообщения](https://www.e-disclosure.ru/portal/event.aspx?EventId=o89UJ-AuPTEiWeIHVcqu8YA-B-B)

**Замечено  Шпионом РЦБ.**
**Подключить:** @StockSpy_bot",[],[],[],False
68220,2025-02-13 13:53:22+00:00,"НОВАК ПОРУЧИЛ ВЕДОМСТВАМ ПРОРАБОТАТЬ ВОПРОС ИНДЕКСАЦИИ ПРЕДЕЛЬНЫХ ЦЕН НА МИНУДОБРЕНИЯ ДЛЯ РОССИЙСКОГО АПК В ЦЕЛЯХ КОМПЕНСАЦИИ РОСТА СЕБЕСТОИМОСТИ ИХ ПРОИЗВОДСТВА


**Замечено Шпионом РЦБ.
Подключить:** @StockSpy_bot",['PHOR'],[],['PHOR'],False
68219,2025-02-13 13:35:56+00:00,"#Макро
**США  - проминфляция PPI (янв) **
м/м** = **+0.4% (ожид 0.3%; ранее +0.5%)
г/г** = **+3.5% (ожид 3.2%; ранее +3.3%)",[],[],[],False
68218,2025-02-13 13:02:14+00:00,"ОБЪЕМ ИМПОРТА РФ В ЯНВАРЕ 2025Г СОСТАВИЛ $23,9 МЛРД ПРОТИВ $21,4 МЛРД В ЯНВАРЕ 2024Г - ОЦЕНКА ЦБ


**Замечено Шпионом РЦБ.
Подключить:** @StockSpy_bot",[],[],[],False
68217,2025-02-13 12:29:26+00:00,"⚡️Как можно заработать на рынке акций используя простую логику событий.
❗️Вот друзья та самая сделка которую я совершил благодаря Шпиону РЦБ.
💡Логика была простой - рынок акций лихорадило, но аномальных заявок на продажу по ключевым бумагам небыло в течении дня, а вот после 19:00 посыпались лимитки на покупку и на этом я открыл Лонг по фьючерсу на индекс и за короткий промежуток сделал хороший профит💸
⚙Подключить со скидкой 10% для нашего канала можно нажав на кнопку 👇",[],[],[],True
68216,2025-02-13 11:50:19+00:00,"#Политика #Санкции
ЕС продолжит вводить санкции против РФ в сфере энергетики, несмотря на планы и намерения США — Еврокомиссия",[],[],[],False
68215,2025-02-13 11:10:23+00:00,"#MOEX
**Объем торгов акциями на Мосбирже в вечернюю сессию 12 февраля достиг рекордных 237 млрд руб.**
""Московская биржа"" зафиксировала максимальный за всю историю объем торгов акциями на вечерней сессии 12 февраля на уровне 237 млрд рублей, говорится в сообщении торговой площадки в Telegram-канале.

[MOEX](https://www.tinkoff.ru/invest/stocks/MOEX?utm_source=security_share) 233.0₽

👉[Полная новость](http://telegra.ph/Obem-torgov-akciyami-na-Mosbirzhe-v-vechernyuyu-sessiyu-12-fevralya-dostig-rekordnyh-237-mlrd-rub-02-13-2)

**Замечено Шпионом РЦБ.
Подключить:** @StockSpy_bot",[],[],[],False
68214,2025-02-13 10:21:33+00:00,#GAZP -4% за 5 минут,[],[],[],True
68213,2025-02-13 09:31:31+00:00,"#Политика
**Путин и Трамп поручили помощникам немедленно начать проработку встречи на высшем уровне **— Песков",[],[],[],False
68212,2025-02-13 09:31:01+00:00,"#Политика
Тема санкций в разговоре Путина и Трампа не поднималась — пресс-секретарь президента РФ Песков",[],[],[],False
68211,2025-02-13 09:04:15+00:00,"#Политика
Трамп нарушает единство союзников, начав с Путиным переговоры о мире в Украине — Le Monde

Новый американский президент не предоставляет европейцам никакого места на переговорах",[],[],[],False
68210,2025-02-13 09:01:17+00:00,"#Нефтянка
Оценивать очередные санкции против РФ и Ирана преждевременно, но нефтяные рынки всегда демонстрировали устойчивость — МЭА",[],[],[],False
68209,2025-02-13 09:00:33+00:00,"МЭА ПОНИЗИЛО ПРОГНОЗ ПОСТАВОК НЕФТИ В 2025Г НА 200 ТЫС. Б/С, ДО 104,5 МЛН Б/С - ОТЧЕТ


**Замечено Шпионом РЦБ.
Подключить:** @StockSpy_bot",[],[],[],False
68208,2025-02-13 08:52:04+00:00,"#PHOR
**КОНСЕНСУС: Скорр. EBITDA ФосАгро в IV квартале выросла на 6%, FCF оказался отрицательным**
Аналитики, опрошенные ""Интерфаксом"", ожидают роста скорректированной EBITDA ""ФосАгро"" за IV квартал 2024 года на 6% к предыдущему кварталу и на 30% год к году, до 48,1 млрд рублей.

[PHOR](https://www.tinkoff.ru/invest/stocks/PHOR?utm_source=security_share) 6876.0₽

👉[Полная новость](http://telegra.ph/KONSENSUS-Skorr-EBITDA-FosAgro-v-IV-kvartale-vyrosla-na-6-FCF-okazalsya-otricatelnym-02-13-2)

**Замечено Шпионом РЦБ.
Подключить:** @StockSpy_bot",['PHOR'],['PHOR'],[],False
68207,2025-02-13 08:34:54+00:00,"**Источники РДВ отмечают среди отставших от вчерашнего ралли бумаги Х5 — топ бумага по дивидендной доходности — дивидендная доходность ближайшего дивиденда составит 16.6%-26%.** #аналитика 

Источники РДВ считают, что ближайший дивиденд в консервативном сценарии составят 570 рублей, но компания накопила достаточно средств, практически не имеет долга и может выплатить 900 рублей дивидендов на акцию.

😀 @AK47pfl",[],[],[],True
68206,2025-02-13 08:31:57+00:00,"#Политика
🇺🇸 Илон Маск на World Government Summit в Дубае:
**Наш курс, думаю, принесет пользу и другим странам. Новая администрация гораздо меньше заинтересована в том, чтобы вмешиваться в дела других государств. **

Были времена, когда США вели себя на мировой арене навязчиво. Думаю, некоторые из присутствующих хорошо понимают, о чем я. Я же считаю, что нам следует в целом… предоставить другие страны самим себе. А Америка пусть займется собой. Это лучше, чем подстрекать к смене режимов по всему миру.",[],[],[],True
68204,2025-02-13 08:24:20+00:00,"#X5 #Теханализ
**С точки зрения технического анализа акции X5 имеют потенциал роста как минимум к предыдущему максимуму, поставленному на утренней сессии — 3700 руб**

Восходящая динамика подсказывает, что все продажи абсорбируются покупателем

Повышающиеся минимумы, которые сформировались после закрепления выше 3200, говорят и начале нового растущего тренда

**Краткосрочная цель: 3500,**
**Среднесрочные цели: 3700, 3850**",[],[],[],True
68203,2025-02-13 08:18:08+00:00,"#Газ**
Газ в Европе после звонка Путина с Трампом**",[],[],[],True
68202,2025-02-13 08:12:34+00:00,"#Политика
**Если Трамп и Путин заключат сделку по Украине, то наибольшему негативному влиянию будут подвержены сырьевые рынки**  — обозреватель Bloomberg

— Европейский газ, нефть, уголь, уран
— Зерно, удобрения
— Палладий, алюминий, никель","['PHOR', 'RUAL']",[],"['PHOR', 'RUAL']",True
68200,2025-02-13 07:51:01+00:00,"#Прогноз 
Очередной прогноз Жириновского приближается к таргету",[],[],[],True
68199,2025-02-13 07:46:44+00:00,"#Нефтянка 
**Динамика нефти Brent в рубля с начала года**",[],[],[],True
68198,2025-02-13 07:41:32+00:00,"#Нефтянка
**Динамика нефти Brent с начала года**",[],[],[],True
68197,2025-02-13 07:16:01+00:00,"Хочу актуализировать свои взгляды на Газпром и его дочки

1. Я писал, что в Газпроме пришло время перемен из-за потери европейского рынка газа: https://t.me/natgas69/97. С тех пор:
- остановлен транзит через Украину
- ""утечка"" из Газпрома о сокращениях в головном офисе
- заявления чиновников о том, что Газпрому нужны тарифы повыше

2. Я говорил, что облгазы интересны как ставка на оптимизацию Газпрома - чтобы поддержать бизнес, Газпром будет вынужден оптимизировать дочек и доить через них дивиденды. Мой анализ с моделью: https://t.me/natgas69/358
- с тех пор акции STKG +40%
- 14 иксов потенциального апсайда пока остаются 😉

3. Скоринг по всем облгазам здесь: https://t.me/natgas69/434

P.S. В ближайшие недели будет опубликован репорт по структуре долга Газпрома - как самый большой корпоративный должник России собирается обслуживать 6.5 трлн рублей долгов и продолжать делать капекс на 1.5 трлн рублей в год 😁 оставайтесь с нами!",[],[],[],False
68196,2025-02-13 07:01:57+00:00,"#Газ
Запасы газа в хранилищах Европы опустились до около 47%

Отбор в феврале является рекордным для этого месяца за последние четыре года",[],[],[],False
68195,2025-02-13 05:44:13+00:00,"#СМИ
**Теперь это мир Путина и Трампа** — The Telegraph",[],[],[],True
68194,2025-02-12 21:32:12+00:00,"#Политика
Трамп заявил, что планирует часто общаться с Путиным по телефону, за первой встречей в Саудовской Аравии может последовать другая. 

Сон трейдеров отменяется",[],[],[],False
68193,2025-02-12 21:01:06+00:00,"#Политика
Маловероятно, что Украина вернёт себе все земли — Трамп",[],[],[],False
68192,2025-02-12 20:53:04+00:00,"#Политика
**Трамп заявил, что встретится с Путиным в Саудовской Аравии**

На встрече будет также присутсвовать наследный принц Саудовской Аравии. 

Дата пока не назначена.",[],[],[],False
68191,2025-02-12 20:42:31+00:00,"#Политика
Украинские чиновники обратились к администрации президента США Дональда Трампа с просьбой разрешить им использовать замороженные российские активы на сумму $300 млрд закупки американского оружия — Bloomberg",[],[],[],False
68190,2025-02-12 18:30:11+00:00,#GAZP планка,[],[],[],True
68189,2025-02-12 18:15:45+00:00,"#Политика
🇺🇸 Трамп заявил, что провел ""очень хороший"" разговор с президентом Украины Зеленским",[],[],[],False
68188,2025-02-12 17:41:15+00:00,"#Политика
**🇺🇸**** Трамп прямо сейчас закончил говорить по телефону с Зеленским **— офис президента Украины",[],[],[],False
68187,2025-02-12 17:36:42+00:00,"#Политика
🇺🇸 **Трамп прямо сейчас говорит по телефону с Зеленским **— Financial Times",[],[],[],False
68186,2025-02-12 17:17:06+00:00,"#Политика
Путин пригласил Трампа в Москву. Путин и Трамп в телефонном разговоре договорились об организации личной встречи — Кремль",[],[],[],False
68185,2025-02-12 17:09:48+00:00,"#Политика
Путин согласился с Трампом, что долгосрочное урегулирование на Украине возможно путем переговоров — Песков",[],[],[],False
68184,2025-02-12 17:08:20+00:00,"#Политика
**Путин поддержал тезис Трампа о том, что для США и России наступило время работать вместе — Песков**",[],[],[],False
68183,2025-02-12 17:01:28+00:00,"#Политика
**Трамп о разговоре с Путиным**

**Обсудили**
• Украину
• Ближний Восток
• энергетику
• искусственный интеллект
• силу доллара
• различные другие темы. 

Вспомнили великую историю наших наций и тот факт, что мы так успешно сражались вместе во Второй мировой войне, помня, что Россия потеряла десятки миллионов людей, и мы также потеряли многих! 

Мы говорили о сильных сторонах наших соответствующих наций и о **великой пользе, которую мы когда-нибудь получим от совместной работы.** 

**Договорились работать вместе, очень тесно, включая посещение стран друг друга.** Мы также договорились, что наши команды немедленно начнут переговоры, и мы начнём со звонка президенту Зеленскому, чтобы сообщить ему о разговоре, чем я займусь прямо сейчас. 

Я поручил госсекретарю Марко Рубио, директору ЦРУ Джону Рэтклиффу, советнику по национальной безопасности Майклу Уолтцу и послу и специальному представителю Стиву Виткоффу возглавить** переговоры, которые, я уверен, будут успешными.**

**Я хочу поблагодарить президента Путина за его время и усилия, связанные с этим звонком, и за вчерашнее освобождение Марка Фогеля**, замечательного человека, которого я лично приветствовал прошлой ночью в Белом доме. Я верю, что эти усилия приведут к успешному завершению, надеюсь, скоро!",[],[],[],False
68182,2025-02-12 16:54:55+00:00,"#Политика
ТРАМП ПОДТВЕРДИЛ ПЕРЕГОВОРЫ С ПУТИНЫМ",[],[],[],True
68181,2025-02-12 16:47:28+00:00,"#Политика
**⚡️ CNN утверждает, что Трамп в среду утром провел телефонный разговор с Путиным**",[],[],[],False
68180,2025-02-12 16:31:17+00:00,"#Политика
🇺🇸 Трамп дал четко понять, что сделает все возможное для завершения конфликта на Украине, и намерен вести диалог с обеими сторонами — глава минфина США",[],[],[],False
68179,2025-02-12 16:11:26+00:00,"#AGRO
**ФАС признала доминирующими ряд компаний на рынке свинины, в их числе Русагро и Мираторг**
ФАС проанализировала товарные рынки в границах федеральных округов и в шести округах выявила компании, суммарные доли которых на рынках свинины позволили признать их положение доминирующим.

[AGRO](https://www.tinkoff.ru/invest/stocks/AGRO?utm_source=security_share) 1083.8₽

👉[Полная новость](http://telegra.ph/FAS-priznala-dominiruyushchimi-ryad-kompanij-na-rynke-svininy-v-ih-chisle-Rusagro-i-Miratorg-02-12-3)

**Замечено Шпионом РЦБ.
Подключить:** @StockSpy_bot",[],[],[],False
68178,2025-02-12 16:00:17+00:00,"ИНФЛЯЦИЯ В РФ С 4 ПО 10 ФЕВРАЛЯ СОСТАВИЛА 0,23% ПОСЛЕ 0,16% С 28 ЯНВАРЯ ПО 3 ФЕВРАЛЯ - РОССТАТ


**Замечено Шпионом РЦБ.
Подключить:** @StockSpy_bot",[],[],[],False
68177,2025-02-12 15:40:29+00:00,"[​​](https://cdn30.notepost.ru/kb5tuG3qDRdo3rD1-1733737659553.jpeg)[**Шпион**](https://t.me/stockspy_bot?start=promo_time)** сигналит о мощнейших продажах в акциях Сбера ****$SBER**** 📉**

Несмотря на сегодняшний бурный рост рынка, индикатор Дельта от [Шпиона,](https://t.me/stockspy_bot?start=promo_time) которое показывает отношение покупок к продажам, говорит о резкой смене настроения игроков ⬇️ 

Дельта в пользу покупок в первой половине дня достигала почти +1.5млрд.₽, после чего резко упала на -600млн.₽ 😱

[**Шпион**](https://t.me/stockspy_bot?start=promo_time) твердо и четко говорит о возвращении продавцов в акциях Зеленого 💚 великана $SBER, а значит и по всему широкому рынку, и этим нужно этим воспользоваться 😎

__Хотите первыми знать в каких бумагах происходят крупнейшие притоки/оттоки капитала❓Тогда подключайте __[__Шпиона по СКИДКЕ,__](https://t.me/c/1164849828/20684)__ воспользовавшись __[**__ПРОМОКОДом от АТТ __**](https://t.me/stockspy_bot?start=promo_time)__😉__

[__https://t.me/stockspy_bot?start=promo_time__](https://t.me/stockspy_bot?start=promo_time)

[**👉 ПОДПИСАТЬСЯ НА АТТ**](https://t.me/+W7EOvM1pixU5ZWIy)",[],[],[],True
68176,2025-02-12 15:28:45+00:00,"#Нефтянка
Такой теханализ одобряем — Трамп",[],[],[],True
68175,2025-02-12 15:13:25+00:00,"#Нефтянка**
Нефть продолжает снижение. Согласно техническому анализу цели могут быть сильно ниже — 70$ и 65-66$**",[],[],[],True
68174,2025-02-12 15:11:36+00:00,"ЦБ РФ С 13 ФЕВРАЛЯ СНИЗИЛ ОФИЦИАЛЬНЫЙ КУРС ДОЛЛАРА США НА 1,75 РУБ., ДО 94,0485 РУБ.


**Замечено Шпионом РЦБ.
Подключить:** @StockSpy_bot",[],[],[],False
68173,2025-02-12 13:57:57+00:00,"#Политика
США при Трампе ставят приоритетом сдерживание Китая в Индо-Тихоокеанском регионе, **Пекин ""угрожает национальным"" интересам Вашингтона** — шеф Пентагона",[],[],[],False
68172,2025-02-12 13:52:37+00:00,"#Политика
🇺🇸 США считают, что возвращение Украины к границам до 2014 года нереалистично — шеф Пентагона",[],[],[],False
68171,2025-02-12 12:51:41+00:00,"#HYPR
В России запускают строительство **сети электрохабов быстрой зарядки**. К 2030 году в крупных городах и на подъездах к ним их должно быть около 500, однако потребность страны в таких хабах на порядок выше.

Банк ВЭБ разрабатывает **программу льготного кредитования** под эти цели — [Известия](https://iz.ru/1837696/vladimir-gavrilov/trassa-i-gotovo-v-rf-planiruyut-postroit-500-habov-dlya-zaryadki-elektrokarov)",[],[],[],True
68170,2025-02-12 12:44:59+00:00,"#Политика #Санкции
**🐘**** Орбан призвал отменить санкции ЕС против России в области энергетики** — Ведомости 

Источники энергоносителей для европейской экономики должны быть освобождены от ограничений.

Орбан также обратил внимание, что санкции наносят вред не только России, но и странам ЕС. Сейчас европейцы платят за энергоносители в несколько раза больше, чем американцы, напомнил премьер-министр.

31 января Орбан заявил, что наложит вето на санкции ЕС против России, если Украина не возобновит транзит российского газа. Он рассказал, что Венгрия получила гарантию от исполнительного органа ЕС о возобновлении транзита газа через Украину, что побудило Орбана отказаться от препятствования продлению санкций ЕС против России. Премьер-министр подчеркнул, что если обещание будет нарушено, то на санкции против России будет наложено вето.",[],[],[],False
68168,2025-02-12 11:46:20+00:00,"#Нефтянка 
**Нефть вновь снижается к 76$ после краткосрочного роста с 7 февраля**",[],[],[],True
68167,2025-02-12 11:09:12+00:00,"#Банки
Рост объема подлежащих страхованию вкладов достиг максимума за 14 лет — ТАСС

В 2024 году он увеличился на 25.4%, до 75.9 трлн рублей",[],[],[],False
68166,2025-02-12 10:46:01+00:00,"#ENPG #HYDR #VTBR
**Новак подтвердил обсуждение отказа РусГидро от дивидендов до 2028 г**
Вице-премьер РФ Александр Новак в разговоре с журналистами подтвердил обсуждение отказа ПАО ""РусГидро"" от дивидендов до 2028 г.

[ENPG](https://www.tinkoff.ru/invest/stocks/ENPG?utm_source=security_share) 419.5₽
[HYDR](https://www.tinkoff.ru/invest/stocks/HYDR?utm_source=security_share) 0.5412₽
[VTBR](https://www.tinkoff.ru/invest/stocks/VTBR?utm_source=security_share) 83.03₽

👉[Полная новость](http://telegra.ph/Novak-podtverdil-obsuzhdenie-otkaza-RusGidro-ot-dividendov-do-2028-g-02-12-3)

**Замечено Шпионом РЦБ.
Подключить:** @StockSpy_bot",['VTBR'],['VTBR'],[],False
68165,2025-02-12 10:44:38+00:00,"#Политика
Госсекретарь США Марко Рубио заявил CNN, что не считает возможным прогнозировать сроки завершения украинского конфликта",[],[],[],False
68164,2025-02-12 10:38:30+00:00,"#Политика
Президенты России и США сами примут решение относительно контакта друг с другом, информация об этом будет предоставлена — глава МИД РФ Лавров",[],[],[],False
68162,2025-02-12 10:26:48+00:00,"#NVTK
ФИНАЛЬНЫЙ ДИВИДЕНД ""НОВАТЭКА"" ПОСЛЕ ПУБЛИКАЦИИ ОТЧЕТА ОЦЕНИВАЕТСЯ В 46,6 РУБ./АО - АНАЛИТИКИ


[NVTK](https://www.tinkoff.ru/invest/stocks/NVTK?utm_source=security_share) 1167.4₽

**Замечено Шпионом РЦБ.
Подключить:** @StockSpy_bot",['NVTK'],['NVTK'],[],False
68160,2025-02-12 09:29:11+00:00,"#BTC #Взгляд**
Сегодня данные по инфляции и может быть задерг вверх перед истинным походом вниз после факта** — [Аналитик Шпиона](https://t.me/stockspy_bot)

Метрики BID/ASK на глубине 3% и 8% по мере снижения с 109к после всплеска быстро охлаждаются, что указывает на доминирование продавца.

**По фазам рынка сейчас фаза боковика перед дальнейшим снижением вниз. Предполагаемая зона разворота $96.5-97к. Цели: $94, $91, $89 тыс.**

**Также в пользу шорта указывают **[**ИИ-индикаторы**](https://t.me/stockspy_bot)**:**
• Индикатор силы показывает силу продавца.
• ИИ-трейдер открыл шорт (с закрытыем в 3.00 мск 13 февраля).",[],[],[],True
68159,2025-02-12 09:12:14+00:00,"#AFLT 
Аэрофлот рассмотрит вопрос о дивидендах в мае в рамках **стандартной подготовки к ГОСА** - IR-директор",[],[],[],False
68158,2025-02-12 08:53:32+00:00,"СТРОИТЕЛЬСТВО МУРМАНСКОГО СПГ НА 30 МЛРД КУБ. М ГАЗА В ГОД ПЛАНИРУЕТСЯ ДО 2030 ГОДА - НОВАК


**Замечено Шпионом РЦБ.
Подключить:** @StockSpy_bot",['NVTK'],[],['NVTK'],False
68157,2025-02-12 07:10:30+00:00,"#NVTK
ЧИСТЫЙ ДОЛГ НОВАТЭКА ЗА 2024Г ВЫРОС В 15,4 РАЗА - ДО 141,6 МЛРД РУБ.


[NVTK](https://www.tinkoff.ru/invest/stocks/NVTK?utm_source=security_share) 1179.2₽

**Замечено Шпионом РЦБ.
Подключить:** @StockSpy_bot",['NVTK'],['NVTK'],[],False
68156,2025-02-12 07:10:06+00:00,"#NVTK #Отчетность
🖨 Новатэк: МСФО 2024

Выручка 1.545 трлн руб (+12% г/г) 
EBITDA 1.007 трлн руб (+13% г/г) 
Прибыль 553 млрд руб (+4% г/г)",['NVTK'],['NVTK'],[],True
68155,2025-02-12 07:04:53+00:00,"#NVTK
ЧИСТАЯ ПРИБЫЛЬ НОВАТЭКА ЗА 2024Г - 493,5 МЛРД РУБ. (КОНСЕНСУС - 533,4 МЛРД РУБ.)


[NVTK](https://www.tinkoff.ru/invest/stocks/NVTK?utm_source=security_share) 1188.2₽

**Замечено Шпионом РЦБ.
Подключить:** @StockSpy_bot",['NVTK'],['NVTK'],[],False
68154,2025-02-12 07:02:07+00:00,"Доброе утро, страна!",[],[],[],True
68153,2025-02-12 06:49:23+00:00,"#Газ
**Еврокомиссия может временно ограничить цены на газ в ЕС** — FT

Цены на газ в Европе сейчас примерно в три-четыре раза выше, чем в США, что создает серьезные препятствия для европейских компаний. 

Европейская комиссия рассматривает возможность ограничения цен в рамках обсуждения документа, который будет представлен в марте. Ожидается, что в нем буду изложены в том числе способы поддержки тяжелой промышленности ЕС",[],[],[],False
68152,2025-02-11 16:44:10+00:00,"#GAZP #NVTK
**КОНСЕНСУС: Чистая прибыль НОВАТЭКа во II полугодии - 192 млрд руб., прогноз по финальным дивидендам - 48,5 руб./АО**
Чистая прибыль ""НОВАТЭКа"" по МСФО во втором полугодии 2024 года могла составить 191,75 млрд рублей, свидетельствует консенсус-прогноз ""Интерфакса"", составленный на основе расчетов аналитиков инвесткомпаний и банков. Однако диапазон оценок остается широким ввиду ограниченного раскрытия информации, что делает средний показатель прогноза несколько условным.

[GAZP](https://www.tinkoff.ru/invest/stocks/GAZP?utm_source=security_share) 142.42₽
[NVTK](https://www.tinkoff.ru/invest/stocks/NVTK?utm_source=security_share) 1160.8₽

👉[Полная новость](http://telegra.ph/KONSENSUS-CHistaya-pribyl-NOVATEHKa-vo-II-polugodii---192-mlrd-rub-prognoz-po-finalnym-dividendam---485-rubAO-02-11)

**Замечено Шпионом РЦБ.
Подключить:** @StockSpy_bot",['NVTK'],['NVTK'],[],False
68151,2025-02-11 16:43:09+00:00,"❗️ **Обновленная инструкция по Шпиону РЦБ**

Подробный разбор всех функций: с описанием и возможными стратегиями их использования в своей торговле. 

**Пользователю Шпиона РЦБ доступны следующие функции**
• Дельта
• Рейтинг акций по покупкам и продажам/
• Доступ к чату с аналитиком и другими пользователями
• Аномальные объемы
• Аномальные лимитки
• Моментальные новости из первоисточников
• Раскрытие корпоративной информации

Все эти функции подробно описаны в инструкции:

[👉 ЧИТАТЬ РУКОВОДСТВО](https://dzen.ru/a/Z4T3vjatYHRrNAs6)

Обязательно к прочтению перед подключением

[👉](https://dzen.ru/a/Z4T3vjatYHRrNAs6) [ПОДКЛЮЧИТЬСЯ К ШПИОНУ](https://t.me/StockSpy_bot)",[],[],[],True
68150,2025-02-11 15:10:34+00:00,"#Политика
**🇺🇦**** Главное из **[**интервью**](https://www.theguardian.com/world/2025/feb/11/zelenskyy-europe-cannot-guarantee-ukraines-security-without-america)** The Guardian президента Украины Зеленского:**

• Европа не может гарантировать безопасность Украины без Америки.

• Готов к переговорам, но хочет, чтобы Украина вела их с «позиции силы», и сказал, что предложит американским компаниям выгодные контракты на восстановление и инвестиционные льготы, чтобы попытаться привлечь Трампа на свою сторону.

• Украина обладает крупнейшими запасами урана и титана в Европе, заявил Зеленский, и «не в интересах Соединённых Штатов», чтобы эти запасы оказались в руках России.

• Крайне важно, чтобы военная поддержка США продолжалась.

• Зеленский заявил, что **планирует предложить России прямой обмен территориями**, отказавшись от земель, которые Киев удерживает в Курской области.",[],[],[],False
68149,2025-02-11 15:08:16+00:00,"#Нефтянка
Нефть Brent -1% с открытия американской сессии",[],[],[],True
68148,2025-02-11 14:51:35+00:00,"#ROSN
**Пожар на Территории Саратовского НПЗ Роснефти 11 февраля, завод приостановил работу **— СМИ",['ROSN'],['ROSN'],[],False
68147,2025-02-11 14:00:36+00:00,"#GCHE [Группа Черкизово](https://www.tinkoff.ru/invest/stocks/GCHE?utm_source=security_share)
💰 **Проведение заседания СД и его повестка дня**

Текущая цена: 4448.0 ₽

2.2. Дата проведения заседания совета директоров эмитента: 12 февраля 2025 года.

2.3. Повестка совета директоров эмитента:
1. Отчеты Председателей Комитетов СД Общества. 
2. Об утверждении бюджета Общества на 2025 год.
3. Об утверждении результатов исполнения КПЭ Генерального директора за 2024 год.
4. Об утверждении отчета об эффективности системы управления рисками и внутреннего контроля Общества в 2024 году.
5. Об утверждении отчета об эффективности Информационной политики Общества в 2024 году.
6. О созыве годового заседания общего собрания акционеров Общества.
7. О повестке дня годового заседания общего собрания акционеров Общества.
8. О порядке проведения годового заседания общего собрания акционеров Общества.
9. О предварительном утверждении Годового отчета Общества за 2024 год.
10. О рекомендациях по **распределению прибыли** Общества, в том числе выплате **дивидендов**, и убытков по результатам 2024 года.
11. Об утверждении отчета о сделках, в совершении которых имеется заинтересованность, совершенных в 2024 отчетном году.
12. Об оплате услуг аудиторской организации Общества.

👉 [Полный текст сообщения](https://www.e-disclosure.ru/portal/event.aspx?EventId=Foy2Lj-CyeU2A-A9ouMPDDdA-B-B)

**Замечено  Шпионом РЦБ.**
**Подключить:** @StockSpy_bot",[],[],[],False
68146,2025-02-11 12:42:12+00:00,"#Политика 
🇺🇦 **Российские атомные реакторы закупят для Хмельницкой** **АЭС — Верховная Рада Украины поддержала законопроект**

Инициатива предусматривает достройку третьего и четвертого энергоблоков ХАЭС с использованием новых российских реакторов ВВЭР-1000, приобретенных не в России, а в Болгарии.

Эти реакторы были изготовлены для болгарской АЭС Белене, строительство которой было остановлено в 2012 году.

Планируется потратить на это полмиллиарда евро.",[],[],[],False
68145,2025-02-11 12:30:49+00:00,"#HYPR #Электрокары
В Башкирии **быстрые зарядки для электромобилей** [появятся](https://tass.ru/ekonomika/23106175) в туристических зонах. На 2025 год регион запросил создание ещё 50 быстрых зарядных станций плюс к 150 действующим.

[Ранее:](https://t.me/cbrstocks/68102) Москва планирует увеличить число зарядных станций для электромобилей до 30 тысяч к 2030 году.

[Ранее:](https://t.me/natgas69/493) единственная торгуемая компания России в секторе Электротранспорт — Hyper (тикер HYPR, торговый код ""Нов Энерг""). Справедливая цена акций на сегодня по мнению аналитиков составляет 366-1589 рубль (текущая 240).",[],[],[],False
68144,2025-02-11 12:29:19+00:00,"#BTC
📊 Индивидуальные инвесторы держат 69% от общего предложения BTC, что создаёт дефицит для крупных институционалов — Bitwise",[],[],[],True
68143,2025-02-11 12:08:38+00:00,"#SGZH
**Путин: необходимо поддержать внутреннюю лесопереработку из-за сложностей с реализацией на внешних рынках**",[],[],[],False
68142,2025-02-11 11:54:11+00:00,"#Золото
Объемы торгов золотом в Китая на внутренней бирже",[],[],[],True
68141,2025-02-11 11:21:58+00:00,#ЦБРФ напоминает,[],[],[],True
68140,2025-02-11 11:15:51+00:00,"#GMKN
**Норникель планирует продать все, что произведет в 2025г **- топ-менеджер",['GMKN'],['GMKN'],[],False
68139,2025-02-11 10:47:25+00:00,"СОРОКИН: РОССИЯ БУДЕТ ПРОДОЛЖАТЬ ПОСТАВКИ НЕФТИ НА МИРОВЫЕ РЫНКИ, НЕСМОТРЯ НА ДАВЛЕНИЕ, У НАС КОНКУРЕНТНОЕ ПРЕДЛОЖЕНИЕ


**Замечено Шпионом РЦБ.
Подключить:** @StockSpy_bot",[],[],[],False
68138,2025-02-11 10:40:22+00:00,"#Политика
Рябков провёл запланированную встречу с послом США. Обсудил с американским послом деятельность загранучреждений — МИД РФ",[],[],[],False
68137,2025-02-11 09:55:43+00:00,"#Нефтянка
Нефтегазовые доходы бюджета РФ в январе выросли на 16.9% г/г. Они составили 789 млрд рублей — ТАСС",[],[],[],False
68136,2025-02-11 09:30:55+00:00,"**Рейтинг акций по чистым покупкам и чистым продажам на 11.02.2025 12:30**

```Покупки

Тикер    %       Млн. руб.
POSI     100.0%  +385.0
HNFG     99.6%   +20.1
ENPG     99.6%   +65.0
MRKV     97.9%   +7.4
IRKT     96.7%   +29.8
YKEN     95.2%   +0.6
BELU     90.4%   +5.1
UNAC     89.8%   +5.8
GTRK     89.6%   +12.0
PIKK     89.3%   +28.8

Продажи

Тикер    %      Млн. руб.
MRKK     10.3%  -0.2
MAGN     10.3%  -59.6
NLMK     9.9%   -90.1
GAZP     9.1%   -374.2
KROT     8.7%   -1.0
NFAZ     7.8%   -0.4
NKNC     7.0%   -1.3
NVTK     5.8%   -236.5
SELG     0.8%   -156.0
HYDR     0.4%   -154.2```
([**Что это значит**](https://t.me/SpyFAQ/32))

**Замечено Шпионом РЦБ.**
**Подключить: ****@StockSpy_bot**",[],[],[],False
68135,2025-02-11 09:25:28+00:00,"X5 растет против рынка 📈

__за видео спс CigarMan__",[],[],[],True
68134,2025-02-11 09:16:07+00:00,"#Политика
У Кремля нет информации о прилете в Москву Стива Уиткоффа, которого называют внештатным советником Трампа, никаких контактов  не планируется — Песков",[],[],[],False
68133,2025-02-11 09:12:20+00:00,"#Макро
Темпы инфляции в РФ последние недели замедляются, меры жесткой ДКП уже сказываются — Новак",[],[],[],False
68132,2025-02-11 09:00:53+00:00,"#Нефтянка
Вице-премьер РФ Новак 18 февраля проведет совещание по рынку нефтепродуктов",[],[],[],False
68131,2025-02-11 08:54:52+00:00,"#Политика
Посол США в Москве Линн Трейси посетила российский МИД, причины визита неизвестны — РИА",[],[],[],False
68130,2025-02-11 08:50:39+00:00,"#Золото
**Запасы золота в российских банках снизились вдвое **— РБК

На 1 января 2025 года в кредитных организациях, с учетом цен на аффинированное золото на ту же отчетную дату, хранилось 38,1 тонн золота. Это вдвое меньше, чем в 2023 году, когда был достигнут трехлетний минимум",[],[],[],False
68129,2025-02-11 08:34:32+00:00,"#AFLT 
Рост пассажиропотока группы Аэрофлот в январе замедлился до 1.9% г/г (после +7.4% в декабре и +16.8% за 2024г) — компания

Авиакомпания аэрофлот в январе 2025 года нарастила перевозки пассажиров на 0.8%, до 2.2 млн человек",[],[],[],False
68127,2025-02-11 07:43:08+00:00,"#Политика
**🇺🇸**** Трамп отменил запрет на взяточничество за рубежом** — CNBC

Дональд Трамп подписал указ, предписывающий Министерству юстиции приостановить действие закона, принятого почти полвека назад, который запрещает американским компаниям и иностранным фирмам подкупать должностных лиц иностранных государств для получения или сохранения бизнеса.

Пауза вводится, чтобы не ставить американские компании в экономически невыгодное положение по сравнению с иностранными конкурентами.",[],[],[],False
68126,2025-02-11 07:40:50+00:00,"#Нефтянка
**Британская нефтяная компания BP сообщает о резком падении прибыли в четвёртом квартале и обещает пересмотреть стратегию** — CNBC

Прибыль от переоценки активов (косвенный показатель чистой прибыли) в 4кв2024 составил $1.169 млрд (-61% г/г), что также ниже прогноза аналитиков в $1.2 млрд.

Чистый долг компании вырос на 10%, практически достигнув $23 млрд.",['ROSN'],[],['ROSN'],False
68125,2025-02-11 07:18:38+00:00,"#Газ
**🇪🇺**** ЕС отобрал максимальный за четыре года объем газа из хранилищ в феврале** — ТАСС

По данным Gas Infrastructure Europe, с начала отопительного сезона Евросоюз отобрал из ПХГ около 55 млрд куб. м, что значительно превышает объем закачки в них к осенне-зимнему периоду.",[],[],[],False
68124,2025-02-11 07:17:37+00:00,"#OZON
Ozon начал выдавать ипотеку на коммерческую недвижимость

Займ можно взять на срок до 15 лет и на сумму от 1 млн до 300 млн рублей. Минимальный первоначальный взнос — 20% от стоимости, ставка зависит от стоимости объекта, первого взноса и других условий.",[],[],[],False
68122,2025-02-11 07:01:20+00:00,"#Политика
🇺🇸 Пошлины США на поставки стали вступят в силу 12 марта

Решение касается поставок из Аргентины, Австралии, Бразилии, Великобритании, Канады, Евросоюза, Мексики, Южной Кореи и Японии, следует из указа американского президента",[],[],[],False
68121,2025-02-11 06:56:37+00:00,"#SBER
Кредитный портфель Сбера в январе снижался под действием регуляторных мер и высоких ставок — Греф",[],[],[],False
68119,2025-02-11 06:55:58+00:00,"#SBER #SBERP
СБЕРБАНК В ЯНВАРЕ СОКРАТИЛ КОРПОРАТИВНЫЕ КРЕДИТЫ ПО РСБУ НА 0,8%, РОЗНИЧНЫЕ - НА 0,5%


[SBER](https://www.tinkoff.ru/invest/stocks/SBER?utm_source=security_share) 291.51₽
[SBERP](https://www.tinkoff.ru/invest/stocks/SBERP?utm_source=security_share) 290.55₽

**Замечено Шпионом РЦБ.
Подключить:** @StockSpy_bot",[],[],[],False
68118,2025-02-11 06:55:39+00:00,"#SBER #SBERP
СБЕРБАНК В ЯНВАРЕ ПОЛУЧИЛ 132,9 МЛРД РУБ. ЧИСТОЙ ПРИБЫЛИ ПО РСБУ ПРОТИВ 115,1 МЛРД РУБ. ГОДОМ РАНЕЕ


[SBER](https://www.tinkoff.ru/invest/stocks/SBER?utm_source=security_share) 291.51₽
[SBERP](https://www.tinkoff.ru/invest/stocks/SBERP?utm_source=security_share) 290.55₽

**Замечено Шпионом РЦБ.
Подключить:** @StockSpy_bot",[],[],[],False
68117,2025-02-11 06:52:48+00:00,"#Политика
**США будут подталкивать европейских союзников закупать больше оружия для Украины —  источники Reuters**

Администрация Трампа планирует подтолкнуть европейских союзников к покупке большего количества американского оружия для Украины перед потенциальными мирными переговорами с Москвой. **Это может улучшить позицию Киева на переговорах.**",[],[],[],False
68116,2025-02-11 06:10:21+00:00,"#Политика
**Что касается меня, если все заложники не будут возвращены к 12:00 субботы, я бы сказал, пришло время отменить все договоренности, и пусть начнется ад** — ответ Трампа журналистам в Белом доме

11 февраля представитель военного крыла Хамаса Абу Убайда заявил, что движение отложило процесс освобождения заложников, которые должны были вернуться домой 15 февраля",[],[],[],False
68115,2025-02-11 05:55:40+00:00,"#Политика
 **Келлог не приедет в Москву для обсуждения мирного плана** — [Bloomberg](https://www.bloomberg.com/news/articles/2025-02-10/ukraine-envoy-to-present-trump-peace-options-in-coming-weeks?srnd=homepage-europe)

Спецпосланник США по вопросам Украины и России Келлог вскоре прилетит в Европу, где будет вести консультации по украинскому конфликту, и на их основе представит президенту Дональду Трампу несколько вариантов того, как этот конфликт можно завершить",[],[],[],False
68114,2025-02-10 21:39:07+00:00,"#Политика
**Администрация президента США Дональда Трампа приостановила разработку плана по урегулированию на Украине, чтобы учесть мнение европейских союзников, сообщила со ссылкой на источники газета The Daily Telegraph. **

Как говорится в статье, спецпосланник США по Украине и России Кит Келлог заявил европейским дипломатам, что он выслушает точки зрения на ту форму, которую должен принять мирный план, и какой вклад в мирный процесс могут внести правительства других стран. Издание уточняет, что Келлог пообещал провести эти переговоры с ""премьер-министрами и президентами"" из государств, входящих в НАТО. Этот шаг, полагает издание, должен заверить европейских партнеров в том, что они не останутся за бортом переговоров, которые намерен организовать Вашингтон.",[],[],[],False
68113,2025-02-10 17:48:34+00:00,"#BTC
👑 Британец, выкинувший биткоины на сумму $768 млн в 2013 году, теперь [хочет](https://www.theblock.co/post/339768/lost-bitcoin-fortune?utm_source=telegram1&utm_medium=social) выкупить свалку, на которой они предположительно находятся.",[],[],[],False
68112,2025-02-10 15:58:29+00:00,"#Политика
Трамп на своей странице в соцсети Truth Social запостил новость CNBC с цитатой Путина о том, что ЕС «встанет у ног хозяина» в ответ на пошлины",[],[],[],True
68111,2025-02-10 15:13:55+00:00,"👁 **Результаты ИИ-индикаторов Крипто Шпиона с начала февраля**

Без учета 6-9 февраля, когда динамика биткоина была ниже 0.1%.

💪**Индикатор силы**
Количество сигналов: 6
Winrate: 80% 
Доходность: +6.6%
👉 [Как работает](https://t.me/SpyFAQ/83)

🤖 **ИИ-трейдер**
Количество сигналов: 3
Winrate: 66%
Доходность: +5.5%
[👉 Как работает](https://t.me/usa100cks/22611)

**Динамика BTC с 1 февраля: -5%**

ИИ-индикаторы — инструменты, которые на основе алгоритмов машинного обучения анализируют все данные [Шпиона](https://t.me/stockspy_bot) (биржевые данные, фандинги, бидаски и прочее) и раз в день выдают предполагаемое движение цены BTC внутри дня.

Индикатор силы публикует силу продавцов и покупателей. А ИИ-трейдер публикует оптимальную сделку по BTC в течение дня с указанием стоп-лосса (если условий для сделки нет, остается вне позиции).

ИИ индикаторы — дополнительные инструменты анализа, доступные пользователям Крипто Шпиона. 

**ИИ-индикаторы, моментальные новости из первоисточников, биржевые аномалии и уникальные данные.** Все это доступно пользователям Крипто Шпиона. 

**Подключить:
****@StockSpy_bot**",[],[],[],True
68110,2025-02-10 15:07:53+00:00,"#GMKN
КОЭФФИЦИЕНТ NET DEBT / EBITDA НОРНИКЕЛЯ ПО ИТОГАМ 2024 Г ВЫРОС ДО 1,7Х


[GMKN](https://www.tinkoff.ru/invest/stocks/GMKN?utm_source=security_share) 120.94₽

**Замечено Шпионом РЦБ.
Подключить:** @StockSpy_bot",['GMKN'],['GMKN'],[],False
68109,2025-02-10 15:06:35+00:00,"#GMKN
НОРНИКЕЛЬ В 2025 Г ОЖИДАЕТ СОКРАЩЕНИЯ ЧИСТОГО ОБОРОТНОГО КАПИТАЛА НА $1 МЛРД - CFO КОМПАНИИ


[GMKN](https://www.tinkoff.ru/invest/stocks/GMKN?utm_source=security_share) 121.98₽

**Замечено Шпионом РЦБ.
Подключить:** @StockSpy_bot",['GMKN'],['GMKN'],[],False
68108,2025-02-10 15:06:22+00:00,"#GMKN #Дивиденды
⚡️ Менеджмент Норникеля будет рекомендовать не выплачивать дивиденды за 2024 год",['GMKN'],['GMKN'],[],False
68107,2025-02-10 15:06:00+00:00,"#GMKN
FCF НОРНИКЕЛЯ ПО ИТОГАМ 2024 Г СОСТАВИЛ $335 МЛН


[GMKN](https://www.tinkoff.ru/invest/stocks/GMKN?utm_source=security_share) 122.1₽

**Замечено Шпионом РЦБ.
Подключить:** @StockSpy_bot",['GMKN'],['GMKN'],[],False
68106,2025-02-10 15:05:22+00:00,"#GMKN #Отчетность
**🖨**** Норникель: МСФО 2024**

Выручка: 1.16 трлн руб (-5% г/г)
Чистая прибыль: 168.9 млрд руб (-32%)",['GMKN'],['GMKN'],[],True
68105,2025-02-10 15:02:17+00:00,"#GMKN
EBITDA НОРНИКЕЛЯ В 2024 СОСТАВИЛА $5,2 МЛРД (КОНСЕНСУС $5,04 МЛРД)


[GMKN](https://www.tinkoff.ru/invest/stocks/GMKN?utm_source=security_share) 123.64₽

**Замечено Шпионом РЦБ.
Подключить:** @StockSpy_bot",['GMKN'],['GMKN'],[],False
68104,2025-02-10 14:20:15+00:00,"#Электрокары #HYPR
Электромобили **Xiaomi** могут выйти на **российский** рынок официально — Quto

Cейчас компания выпускает только одну модель — седан SU7. В этом году должен состояться дебют кроссовера.",[],[],[],True
68103,2025-02-10 13:50:43+00:00,"#Ритейл #X5 #MGNT
**Россельхознадзор продолжает выявлять фальсификат в магазинах сети Светофор**

В январе и начале февраля 2025 года управлениями ведомства выявлена в продаже фальсифицированная и небезопасная продукция животного происхождения, во всех точках зафиксированы нарушения прослеживаемости, требований технических регламентов и ветеринарного законодательства",[],[],[],False
68102,2025-02-10 13:37:59+00:00,"#HYPR #Электрокары
**К 2030 году планируется довести количество ЭЗС до 30 тыс. – заммэра Москвы

**Это позволит обеспечить потребности растущего парка электромобилей.

[Ранее Сигналы РЦБ](https://t.me/cbrstocks/68009): бум зарядок в Москве",[],[],[],True
68101,2025-02-10 12:51:49+00:00,Трамп и Келлог выбирают время для начала переговоров,[],[],[],True
68100,2025-02-10 12:48:02+00:00,"#Политика
🇺🇸 Спецпредставитель американского президента по урегулированию российско-украинского конфликта Кит Келлог **пока только готовится представить Дональду Трампу разные варианты плана действий**, об этом сам Келлог сообщил союзникам США — Semafor",[],[],[],False
68099,2025-02-10 11:41:26+00:00,#IMOEX выше 3000,[],[],[],True
68098,2025-02-10 11:26:23+00:00,"#Политика
**Россия пока не видит изменения позиции США по Украине** — замглавы МИД РФ Рябков",[],[],[],False
68097,2025-02-10 10:35:41+00:00,"#HYPR #Электрокары
**Продажи электромобилей составили 5% всех продаж в январе – Автостат**

В том числе 2% всех реализованных легковых автомобилей – BEV (100% электро).",[],[],[],True
68096,2025-02-10 10:00:38+00:00,"#Нефтянка
🛢 **Саудовская Аравия и Ирак повысили цены на нефть в марте **— Bloomberg

Ирак, второй по величине поставщик в ОПЕК, повысил цену продажи своей основной марки нефти в Азию до самого высокого уровня с сентября 2022 года.

На прошлой неделе Саудовская Аравия также значительно повысила цены.",[],[],[],True
68095,2025-02-10 09:55:07+00:00,"#Газ
Цены на газ в Европе на двухлетнем максимуме",[],[],[],True
68094,2025-02-10 09:21:14+00:00,"#Регуляция
**🇷🇺 Сайт агрегатора криптообменников BestChange заблокирован на территории РФ.**",[],[],[],False
68093,2025-02-10 09:03:53+00:00,"#Политика
🇮🇳 **Индия будет снижать тарифы на товары из США** — Reuters

По данным агентства, в правительстве республики не хотят допустить торговую войну.",[],[],[],False
68092,2025-02-10 09:02:05+00:00,"#Политика
🇪🇺 Введение США пошлин на товары ЕС будет незаконным — Еврокомиссия",[],[],[],False
68091,2025-02-10 08:55:48+00:00,"#KMAZ #MAGN
Значительная часть импортного металла на камазовском автозаводе, особенно высокопрочные стали, замещена российской продукцией ММК — пресс-служба Камаза",['MAGN'],['MAGN'],[],False
68090,2025-02-10 08:06:13+00:00,"#Политика
🇷🇺 **Россия следит за риторикой Трампа, но сигналов по Украине не было** — постпред при ООН Небензя",[],[],[],False
68089,2025-02-10 07:42:48+00:00,"#Газ
**Темпы отбора газа Европой из ПХГ в феврале почти на 60% выше, чем в 2024 году**

Запасы газа в подземных хранилищах опустились до 49%, свидетельствуют данные Gas Infrastructure Europe",[],[],[],False
68088,2025-02-10 06:59:01+00:00,"#FLOT #Политика
**ЕС готовится к масштабной операции по захвату связанных с РФ танкеров **— Politico

Новое законодательство позволит захватить судно за ущерб, который оно якобы может нанести окружающей среде.",[],[],[],False
68087,2025-02-10 06:48:05+00:00,"#IPO
**Мутко допустил выход ****ДОМ.РФ**** на IPO в 4кв2025 при подходящей конъюнктуре рынка** — ТАСС

Компания планирует привлечь 15-20 млрд руб",[],[],[],False
68086,2025-02-10 06:44:36+00:00,"#IMOEX #Прогноз
Подъем индекса Мосбиржи выше 3000 пунктов остается базовым сценарием — ПСБ",[],[],[],False
68085,2025-02-10 06:42:39+00:00,"#Политика
**🇺🇸**** Трамп представил планы введения 25%-ных пошлин на импорт стали и алюминия** — Bloomberg

Пошлины будут применяться к импорту из всех стран. Точные сроки введения пошлин объявлены не были.

Также Трамп заявил, что на этой неделе объявит о взаимных тарифах для стран, которые облагают налогом импорт США.",[],[],[],False
68084,2025-02-10 06:37:08+00:00,"#Нефтянка #Газ
Китай с понедельника вводит дополнительную пошлину в размере 15% на импорт сжиженного природного газа и угля из США, а также 10%-ную пошлину на импорт нефти.",[],[],[],False
68083,2025-02-10 06:22:42+00:00,"#Политика #Недвижимость
**Мишустин утвердил план по достижению национальных целей развития до 2030 года**

Среди целей: повышение доступности жилья на первичном рынке, обеспечение граждан жильем не менее 33 кв. м на человека к 2030 году и 38 кв. м к 2036.

[👉 Полный документ плана](http://static.government.ru/media/files/ZsnFICpxWknEXeTfQdmcFHNei2FhcR0A.pdf)",[],[],[],True
68082,2025-02-10 06:19:36+00:00,"#LEAS #Отчетность
**🖨**** Европлан: операционные результаты 2024**

Компания закупила и передала в лизинг около 58 тыс. единиц автотранспорта и техники (+5% г/г) на сумму 238.3 млрд руб. с НДС (-0.3% г/г)

Общее число лизинговых сделок за всю историю компании достигло 673 тысяч.

Новый бизнес в легковом сегменте вырос на 2% г/г и достиг 84 млрд руб.",[],[],[],False
68081,2025-02-10 06:00:42+00:00,"#Политика
🇨🇳 Председатель КНР Си Цзиньпин 9 мая посетит Москву — посол",[],[],[],False
68080,2025-02-09 08:34:39+00:00,"ПЕСКОВ НЕ ПОДТВЕРДИЛ И НЕ ОПРОВЕГ ИНФОРМАЦИЮ О БЕСЕДЕ ПУТИНА И ТРАМПА


**Замечено Шпионом РЦБ.
Подключить:** @StockSpy_bot",[],[],[],False
68079,2025-02-09 08:34:39+00:00,"ТРАМП ЗАЯВИЛ, ЧТО ПРОВЕЛ БЕСЕДУ С ПУТИНЫМ


**Замечено Шпионом РЦБ.
Подключить:** @StockSpy_bot",[],[],[],False
68078,2025-02-07 17:29:53+00:00,"#Политика
Рассчитываю поговорить с Зеленским на следующей неделе, чтобы обсудить безопасность их редкоземельных металлов — Трамп",[],[],[],False
68077,2025-02-07 17:27:17+00:00,"#Политика
Я, вероятно, встречусь с Си Цзиньпином — Трамп",[],[],[],False
68076,2025-02-07 17:26:30+00:00,"#Политика
Я буду говорить с Путиным — Трамп",[],[],[],False
68075,2025-02-07 15:35:08+00:00,"#GMKN
**КОНСЕНСУС: EBITDA Норникеля во II полугодии 2024г снизится на 23% г/г, до $2,7 млрд**
Аналитики 6 инвестбанков прогнозируют снижение показателя EBITDA ПАО ""ГМК ""Норильский никель"" во втором полугодии 2024 года на 23% в годовом выражении, до $2,69 млрд, на фоне более низких цен реализации никеля и металлов платиновой группы.

[GMKN](https://www.tinkoff.ru/invest/stocks/GMKN?utm_source=security_share) 122.52₽

👉[Полная новость](http://telegra.ph/KONSENSUS-EBITDA-Nornikelya-vo-II-polugodii-2024g-snizitsya-na-23-gg-do-27-mlrd-02-07)

**Замечено Шпионом РЦБ.
Подключить:** @StockSpy_bot",['GMKN'],['GMKN'],[],False
68074,2025-02-07 14:29:14+00:00,"#VTBR
ВТБ нарастил свою долю на рынке рублёвых сбережений — сейчас она составляет 18.5% — СМИ

Портфель привлеченных средств в рублях достиг 10 трлн.",['VTBR'],['VTBR'],[],False
68073,2025-02-07 13:36:38+00:00,"#POSI [Группа Позитив](https://www.tinkoff.ru/invest/stocks/POSI?utm_source=security_share)
📣 **Существенное событие**

Краткое описание события, наступление которого, по мнению эмитента, оказывает влияние на стоимость или котировки его ценных бумаг:
Positive Technologies подводит предварительные итоги 2024 года: объем отгрузок клиентам компании составил около 26 млрд рублей

Positive Technologies подводит предварительные итоги деятельности за 2024 год. Исходя из текущих управленческих данных, объем отгрузок составил около 26 млрд рублей. Итоговое значение фактически оплаченных отгрузок 2024 года, по ожиданиям менеджмента, составит около 25,5 млрд рублей. Согласно учетной политике компании, оно будет сформировано по результатам поступления оплат до 31 марта 2025 года за отгруженные в 2024 году лицензии. 

Результаты деятельности оказались ниже первоначальных ожиданий менеджмента. На традиционно сильный для компании 4-й квартал пришелся период максимального ужесточения денежно-кредитной политики — повышения ключевой ставки и увеличения стоимости заемных средств, что существенно повлияло на возможности клиентов по использованию и расширению имеющихся бюджетов. 

Positive Technologies считает стратегически важным возвращение к таргетируемым нормам рентабельности чистой прибыли и темпам роста бизнеса компании. С этой целью проведена внутренняя трансформация и пересмотрены подходы к управлению компанией. В настоящий момент Positive Technologies актуализирует среднесрочную стратегию роста бизнеса и планирует представить ее весной.

В 2024 году Positive Technologies продолжила реализацию планов технологического развития. Ключевым событием 2024 года стал запуск нового флагманского решения PT NGFW. Разработка решения заняла около двух лет, а его сертификация состоялась в ноябре 2024 года. Это позволило Positive Technologies обеспечить присутствие на новом для компании сегменте рынка сетевой безопасности. К концу 2024 года было запущено или успешно завершено более 300 пилотных проектов. В настоящее время, с учетом длительности цикла заключения сделки, по большинству успешных пилотов проходит стадия подготовки к заключению контракта и проведения тендерных процедур. Основной объем отгрузок PT NGFW клиентам придется на 2025 и последующие годы. Positive Technologies видит существенный потенциал масштабирования продаж PT NGFW как в действующих заказчиках, так и на новых клиентов.  

В октябре 2024 года Positive Technologies анонсировала еще один продукт — PT Dephaze, который открывает новый для Positive Technologies сегмент рынка кибербезопасности — систем класса breach and attack simulation и автоматического пентеста. Кроме того, с запуском нового решения PT Data Security компания выходит на новый для нее рынок защиты данных. Старт пилотирования и продаж этих решений запланирован на 2025 год. 

В 2024 году Positive Technologies также продолжила развивать направление метапродуктов, представив MaxPatrol Carbon, который помогает подготовить IT-инфраструктуру к отражению атак и обеспечивает непрерывный контроль киберустойчивости, делая невозможным причинение ущерба компании. Кроме того, компания запустила новый сервис PT Knockin для проверки защищенности корпоративной электронной почты.

Итоговая аудированная консолидированная финансовая и управленческая отчетность за 2024 год будет опубликована в начале апреля. Сроки финализации отчетности по итогам года обусловлены принятой в компании учетной политикой: итоговый результат 2024 года будет включать фактически оплаченные до 31 марта 2025 года отгрузки.

👉 [Полный текст сообщения](https://www.e-disclosure.ru/portal/event.aspx?EventId=vQQs-AT-C0XUqDrfOrQulRLQ-B-B)

**Замечено  Шпионом РЦБ.**
**Подключить:** @StockSpy_bot",[],[],[],False
68072,2025-02-07 13:31:22+00:00,"#Макро
🔮 Ожидания аналитиков относительно динамики S&P 500 в зависимости от сегодняшних данных по числу занятых в несельскохозяйственном секторе США — BBG.

Ожидаем, что реакция BTC будет соответствовать реакции американского рынка.",[],[],[],True
68071,2025-02-07 13:30:31+00:00,"ЧИСЛО РАБОЧИХ МЕСТ В США В ЯНВАРЕ ВЫРОСЛО НА 143 ТЫС., ОЖИДАЛСЯ ПОДЪЕМ НА 175 ТЫС.


**Замечено Шпионом РЦБ.
Подключить:** @StockSpy_bot",[],[],[],False
68070,2025-02-07 13:27:21+00:00,"#KMAZ
ЧИСТЫЙ УБЫТОК КАМАЗА ПО РСБУ ЗА 2024Г СОСТАВИЛ 3,4 МЛРД РУБ. ПРОТИВ ПРИБЫЛИ 11,9 МЛРД РУБ. ГОДОМ РАНЕЕ - ОТЧЕТ


[KMAZ](https://www.tinkoff.ru/invest/stocks/KMAZ?utm_source=security_share) 123.0₽

**Замечено Шпионом РЦБ.
Подключить:** @StockSpy_bot",[],[],[],False
68069,2025-02-07 13:06:34+00:00,"📅 Данные MGNT за сегодня
Покупки: 521.9 млн руб
Продажи: 530.1 млн руб
Дельта: -8.2 млн руб

Накопленные данные за 30 дней
Покупки: 28665.8 млн руб
Продажи: 30433.6 млн руб
Дельта: -1767.9 млн руб

Много вопросов по 🍏магниту задают подписчики, почему идёт слабость и спад.
С техникой друзья мы разобрались и поддержка сейчас там 4500.
Чуть выше опубликована дельта чистых покупок и продаж. Это важный индикатор определения наполняемости свечи. 
Обороты и чистые покупки это друзья очень разные вещи.",[],[],[],True
68068,2025-02-07 12:18:35+00:00,"**Укрепление рубля в начале февраля могло носить временный характер, связанный с китайским Новым годом, считает источник РДВ**. #оракул_рубля #сборник 

✍️ Резкое [укрепление](https://t.me/AK47pfl/19337) рубля совпало с Китайским новый годом (начался 29 января и закончился 5 февраля) и особенно заметно в юане.
✍️ Торговля РФ [завязывается](https://t.me/AK47pfl/19338) на Китай, а торговый баланс с Китаем все больше движется в сторону нуля.
✍️ Геополитическая активность США направлена в сторону [вытеснения](https://t.me/AK47pfl/19340) конкурентов с ключевых для РФ рынков нефти и [газа](https://t.me/AK47pfl/19350).
✍️ Эксперты ожидают, что Россия [столкнется](https://t.me/AK47pfl/19350) с серьёзной проблемой с транспортировкой нефти из-за санкций США.
✍️ Блумберг вчера [обратил внимание](https://t.me/AK47pfl/19339), что нефтегазовые доходы бюджета в январе упали до годового минимума.
✍️ Китай может быть снова [объявлен](https://t.me/AK47pfl/19348) манипулятором валютными курсами. США хотят заставить Китай либо укрепить юань, либо будут тарифы.

👉 Прогноз источников РДВ на конец 2025 года остается неизменным: 15.2 рубля за юань. https://t.me/AK47pfl/19163
👉 Текущий курс юаня: 13.20

😀 @AK47pfl",[],[],[],True
68067,2025-02-07 12:10:35+00:00,"#Макро
Кабмин выполнит поставленные Путиным задачи — ТАСС

Необходимый фундамент для выполнения социальных обязательств и целей развития есть, отметил премьер-министр",[],[],[],False
68066,2025-02-07 11:43:02+00:00,"#Политика #Макро
⚡️ **Путин поставил правительству задачу добиться снижения инфляции в 2025**

Надо менять структуру роста экономики РФ, создавать новые предприятия и рабочие места",[],[],[],False
68065,2025-02-07 11:42:15+00:00,"#Макро
Принятые меры в сфере ДКП уже начали замедлять кредитование экономики — Мишустин на встрече с Путиным

Годовые темпы инфляции снижаются шестой месяц подряд",[],[],[],False
68064,2025-02-07 11:41:32+00:00,"ПУТИН: ТЕКУЩИЙ УРОВЕНЬ ИНФЛЯЦИИ В РФ - ""ВЫЗОВ ДЛЯ НАС""


**Замечено Шпионом РЦБ.
Подключить:** @StockSpy_bot",[],[],[],False
68063,2025-02-07 11:34:27+00:00,"#Макро
Мишустин доложил Путину о росте ВВП РФ за 2024 год на 4.1%",[],[],[],False
68062,2025-02-07 11:07:23+00:00,"📅 Данные SBER за сегодня
Покупки: 2150.6 млн руб
Продажи: 2453.9 млн руб
Дельта: -303.2 млн руб",[],[],[],True
68061,2025-02-07 11:06:19+00:00,"#TON
👉 **TON поднялся на первую строчку по соотношению заявок на покупку и на продажу на глубине стакана 30% от текущей цены среди всех активов на BInance**, согласно данным [Шпиона Крипто](https://t.me/stockspy_bot).

Это указывает на существенный рост спроса на токен.",[],[],[],True
68060,2025-02-07 11:01:42+00:00,"#Политика
🇭🇺 Венгрия хочет заключить с США масштабное экономическое соглашение — ТАСС

Премьер-министр республики Виктор Орбан считает, что экономическое соглашение между странами должно не только восстановить прежние связи, но и открыть новые перспективы будущего сотрудничества",[],[],[],False
68059,2025-02-07 10:14:30+00:00,"#FLOT
**Россия находится на пороге серьёзной проблемы с транспортировкой нефти из-за санкций США** — [Bloomberg](https://www.bloomberg.com/news/articles/2025-02-07/russia-faces-an-impending-oil-tanker-crisis-as-sanctions-pile-up-oil-strategy?srnd=phx-markets)

Из 435 судов, перевозивших российскую нефть в 2024 году, 112, или 26%, в настоящее время подпадают под санкции, введенные Вашингтоном. Добавьте сюда суда, на которые наложены санкции со стороны Лондона и Брюсселя, и их доля вырастет до 37%.

В прошлом году танкеры, на которые наложены санкции США, перевезли 45% всех морских поставок российской нефти, из которых 80% приходится на повторные перевозки. Учитывая санкции Великобритании и ЕС, 57% поставок сырой нефти из Москвы осуществлялось судами, которые сейчас занесены в черный список.

Такие цифры представляют собой зияющую дыру в теневом флоте танкеров, который Россия собрала для транспортировки своей нефти, и они заставляют искать альтернативные суда.",[],[],[],True
68058,2025-02-07 10:14:00+00:00,"#Политика
Как только появится конкретика в подготовке встречи с Трампом, Кремль сообщит —  Песков",[],[],[],False
68057,2025-02-07 10:08:11+00:00,"#ЦБРФ
В ЦБ отметили продолжение замедления кредитования населения и компаний в январе — ТАСС

В то же время бюджетные операции поддерживали рост денежной массы, отметили в Банке России",[],[],[],False
68056,2025-02-07 10:00:39+00:00,"ИСПЫТАТЕЛЬНЫЕ ПОЛЕТЫ SJ-100 С РОССИЙСКИМ ДВИГАТЕЛЕМ ПД-8 НАЧНУТСЯ ЧЕРЕЗ МЕСЯЦ-ПОЛТОРА - АЛИХАНОВ


**Замечено Шпионом РЦБ.
Подключить:** @StockSpy_bot",[],[],[],False
68055,2025-02-07 09:59:38+00:00,"#Банки
**В декабре продолжилось замедление роста корпоративного и розничного кредитований** — [обзор ЦБ](https://cbr.ru/Collection/Collection/File/55093/DKU_2501-31.pdf)",[],[],[],False
68054,2025-02-07 09:58:34+00:00,"#Макро**
Историческая динамика отдельных индикаторов жесткости ДКУ** — [обзор ЦБ](https://cbr.ru/Collection/Collection/File/55093/DKU_2501-31.pdf)",[],[],[],True
68053,2025-02-07 09:27:36+00:00,"#Макро 
📊 Экспорт стран G20 в США в % ВВП каждой страны",[],[],[],True
68052,2025-02-07 08:31:55+00:00,"#Политика
🇺🇸 Названо время проведения звонка Путина с Трампом",[],[],[],True
68051,2025-02-07 08:19:14+00:00,"#Политика #Санкции
**Санкции против России оцениваются «всего лишь на тройку» по десятибалльной шкале от того, насколько болезненными они могут быть** — спецпосланник президента США по урегулированию конфликта Кит Келлог — РБК

__«Можно было бы усилить санкции, особенно последние [направленные против добычи и экспорта нефти]. Это открывает простор для действий»__, — уверен он.

По его мнению, давление на Россию не может быть чисто военным, поскольку с ним Россия справится. 
Если взглянуть на историю, вы бы никогда не захотели вступить в борьбу на истощение с русскими, потому что именно так они воюют. Они к этому привыкли.",[],[],[],False
68050,2025-02-07 08:16:06+00:00,"#Макро
**🇩🇪**** Промышленное производство Германии в декабре показало самое сильное снижение за 5 месяцев: -2.4% м/м**. Сильнее всего падает производство авто — Bloomberg",[],[],[],False
68049,2025-02-07 08:09:01+00:00,"**Самое важное из интервью Bloomberg с новым главой Минфина США.** #VIP_talk 

✍️ Крепкий доллар в интересах новой администрации (подозрительно часто эта тема появляется в повестке первых лиц США).
✍️ При этом США против тех стран, которые умышленно занижают курсы своих валют к доллару, чтобы выиграть в торговле с США.
✍️ Намекает, что скоро (1 апреля) Китай может быть снова объявлен манипулятором валютными курсами. США хотят заставить Китай либо **укрепить юань**, либо будут тарифы.

😀 @AK47pfl",[],[],[],True
68048,2025-02-07 07:56:24+00:00,"#CIAN
**МКПАО ""Циан"" запускает оферту на обмен бумаг Cian Plc на свои акции, сбор заявок продлится до 6 марта**
Сервис объявлений о недвижимости ""Циан"" в пятницу запускает оферту для держателей акций и АДР кипрской Cian Plc на обмен на бумаги МКПАО ""Циан"" , сообщила компания.

[CIAN](https://www.tinkoff.ru/invest/stocks/CIAN?utm_source=security_share) 575.0₽

👉[Полная новость](http://telegra.ph/MKPAO-Cian-zapuskaet-ofertu-na-obmen-bumag-Cian-Plc-na-svoi-akcii-sbor-zayavok-prodlitsya-do-6-marta-02-07-2)

**Замечено Шпионом РЦБ.
Подключить:** @StockSpy_bot",[],[],[],False
68047,2025-02-07 07:12:04+00:00,"#TATN
**Татнефть обновила максимум декабря 2024**",['TATN'],['TATN'],[],True
68046,2025-02-07 06:35:05+00:00,"#UGLD
ЮГК ПЛАНИРУЕТ В 2025 Г. УВЕЛИЧИТЬ ПРОИЗВОДСТВО ЗОЛОТА ДО 12-14,4 Т


[UGLD](https://www.tinkoff.ru/invest/stocks/UGLD?utm_source=security_share) 0.8754₽

**Замечено Шпионом РЦБ.
Подключить:** @StockSpy_bot",[],[],[],False
68045,2025-02-07 06:34:58+00:00,"#UGLD
ЮГК В 2024 Г. СОКРАТИЛА ПРОИЗВОДСТВО ЗОЛОТА НА 17%, ДО 10,6 Т - КОМПАНИЯ


[UGLD](https://www.tinkoff.ru/invest/stocks/UGLD?utm_source=security_share) 0.8767₽

**Замечено Шпионом РЦБ.
Подключить:** @StockSpy_bot",[],[],[],False
68044,2025-02-07 06:22:46+00:00,"#Политика
**Россия и США еще не начинали обсуждение возможной встречи Владимира Путина и Дональда Трампа** — пресс-секретарь президента РФ Дмитрий Песков

Он призвал «не спешить» с обсуждением этой темы",[],[],[],False
68043,2025-02-07 05:58:29+00:00,"#Ритейл #X5
Россельхознадзор выявил в магазинах торговой сети ""Светофор"" в четырех регионах РФ грубые нарушения при продаже мясной, молочной и рыбной продукции.",[],[],[],False
68042,2025-02-07 05:50:00+00:00,"#Политика
🇷🇺 Спецпосланник США по Украине:

• **Трамп** **готов ужесточить санкции против России** ""для завершения конфликта"" на Украине. 

• Украине и России для урегулирования придется пойти на уступки.",[],[],[],False
68040,2025-02-06 15:16:40+00:00,"#HYPR
Состоялась встреча главы Республики Мордовия с Председателем Правления РОСНАНО.

Артем Здунов и Сергей Куликов [обсудили](https://t.me/rosnanoinfo/2050) перспективные проекты сотрудничества. Судя по видео на публичном канале Роснано, **в том числе обсуждалась перспектива создания зарядной инфраструктуры для электромобилей совместно с Hyper**.",[],[],[],True
68039,2025-02-06 15:01:24+00:00,"#Политика
**🇺🇸**** Daily Mail со ссылкой на украинское СМИ Страна опубликовал неподтвержденный план Трампа по Украине**

План Трампа для Украины:

**Прекращение огня к Пасхе:** Трамп стремится добиться от Зеленского согласия на прекращение огня к 20 апреля, остановив наступление России.
**
Членство в НАТО: **Украина не сможет вступить в НАТО в соответствии с планом.

**Территориальные уступки:** Киев признает суверенитет России над аннексированными территориями и выведет войска из Курска.

**Демилитаризованная зона:** европейские, возможно, британские, войска будут ее охранять; США не будут участвовать.

**Реконструкция:** Украина запрашивает помощь ЕС, оценивается в 486 миллиардов долларов за десятилетие.

**Хронология:**
**Начало февраля:** телефонный разговор Зеленского и Путина.
**
Конец февраля — начало марта**: встреча лидеров.

**20 апреля: **Декларация о прекращении огня.
**
К 9 мая: **Условия соглашения обнародованы, больше никакого военного положения или мобилизации.

**Санкции**
Россия получит значительные выгоды, поскольку планы включают отмену санкций в отношении российских энергоносителей в течение нескольких лет, хотя деньги от специальных пошлин на энергоносители будут использованы для финансирования усилий по восстановлению Украины.

**Украина в ЕС**
Трамп, как сообщается, также планирует продолжить американскую поддержку вооруженных сил Украины, а также проложить путь для ее вступления в ЕС к 2030 году.",[],[],[],False
68038,2025-02-06 14:54:51+00:00,"#Нефтянка
🛢 Динамика экспорта российской нефти",[],[],[],True
68037,2025-02-06 14:30:17+00:00,"#Нефтянка
**Цена на российскую нефть снова упала ниже 60 долларов из-за ужесточения санкций США** — Bloomberg",[],[],[],True
68036,2025-02-06 14:29:21+00:00,"#Политика #Нефтянка
**Опустим цену на нефть и все остальное получится** — Трамп",[],[],[],False
68035,2025-02-06 13:49:49+00:00,"Ключевая ставка — это путь обмана. Поэтому, даже если у тебя есть причины изменять ее, показывай аналитику отсутствие причин. Когда должен хайкнуть, притворись бездеятельным. Когда кат близко, показывай, будто он далеко. Заманивай аналитика мнимой очевидностью; если аналитик силен, уклоняйся от коммуникаций, вызывая в аналитике гнев; начав коммуникации, вызови в нем самомнение; если силы аналитика свежи, утоми его; если среди аналитиков возник консенсус, разъедини их; посрамляй аналитика, когда он не готов; действуй, когда он не ожидает.

Э.С. Сунь-цзы ""Искусство ЦБ"".

Автор гениального римейка мне неизвестен, но большой-большой респект, это очень хорошо ❤️
Спасибо приславшему!",[],[],[],False
68034,2025-02-06 13:07:34+00:00,"#Политика
План по урегулированию украинского конфликта **не будет представлен им на следующей неделе** — Келлог",[],[],[],False
68033,2025-02-06 13:02:07+00:00,"#Политика
🇺🇸 **План урегулирования украинского конфликта должен учитывать мнения всех сторон и обсуждаться лицом к лицу **— Келлог",[],[],[],False
68027,2025-02-06 11:43:31+00:00,"#Политика
🇺🇸 Трамп заявил, что Израиль передаст США сектор Газа по завершении конфликта, а палестинцев могли бы переселиться в ""более безопасные и красивые"" места",[],[],[],True
68026,2025-02-06 10:21:48+00:00,"#ABRD
**СД Абрау-Дюрсо**[** утвердил **](https://www.interfax.ru/business/1006622)**решение о допэмиссии акций** — Интерфакс

Условия размещения акций не приводятся. Условия размещения акций дополнительного выпуска будут обнародованы после их государственной регистрации.",[],[],[],False
68025,2025-02-06 09:30:19+00:00,"#HYPR
По итогу 2024 года разница в стоимости между электромобилем и автомобилем с ДВС продолжила сокращаться во всём мире.

Такое схлопывание цены делает электромобили более выгодными для владения, так как стоимость их обслуживания и зарядки значительно ниже, чем у автомобилей с ДВС.",[],[],[],True
68024,2025-02-06 09:15:40+00:00,"**Россия обладает крупнейшим в мире ледокольным флотом**

У России было 57 ледоколов и патрульных кораблей ледового класса. Это больше, чем у всех стран НАТО вместе взятых (47).",[],[],[],True
68023,2025-02-06 09:04:40+00:00,"#Нефтянка
Иран призвал ОПЕК к единой политике против санкций США",[],[],[],False
68022,2025-02-06 07:17:38+00:00,"#Макро
💸 Страны БРИКС не смогут найти замену американскому доллару, альтернативы которому в мире нет — министр финансов США",[],[],[],False
68021,2025-02-06 06:49:25+00:00,"#Политика #Газ
**Союзники Украины предостерегают Европу от возврата к российскому газу в рамках мирного соглашения**

Возвращение назад — это не лучшее решение в любом случае», — генеральный директор департамента санкций и стратегических товаров Эстонии.",[],[],[],False
68020,2025-02-06 06:20:40+00:00,"#Нефтянка
Глава Total исключил стоимость нефти Brent по $50-60 за баррель

При цене нефти марки Brent ниже $50 за баррель начнут страдать производители сланцевой нефти в США, заявил глава французской TotalEnergies Патрик Пуяннэ на конференции для инвесторов",[],[],[],False
68019,2025-02-05 16:02:09+00:00,"#GAZP
**Росстат: добыча газа в РФ в 2024г выросла на 7%, до 685 млрд куб. м**
Добыча природного газа в РФ в 2024 году составила 684,8 млрд куб. м, что на 7,4% выше, чем за 2023 год (637,638 млрд куб. м), сообщил Росстат.

[GAZP](https://www.tinkoff.ru/invest/stocks/GAZP?utm_source=security_share) 139.15₽

👉[Полная новость](http://telegra.ph/Rosstat-dobycha-gaza-v-RF-v-2024g-vyrosla-na-7-do-685-mlrd-kub-m-02-05-2)

**Замечено Шпионом РЦБ.
Подключить:** @StockSpy_bot",[],[],[],False
68018,2025-02-05 16:01:54+00:00,"ВЫПУСК ЛЕГКОВЫХ АВТОМОБИЛЕЙ В РФ В 2024Г ВЫРОС НА 39,2%, ДО 756 ТЫС. ШТ. - РОССТАТ


**Замечено Шпионом РЦБ.
Подключить:** @StockSpy_bot",[],[],[],False
68017,2025-02-05 16:01:44+00:00,"ПРОМПРОИЗВОДСТВО В РФ В ДЕКАБРЕ ПОДСКОЧИЛО НА 8,2% Г/Г (АНАЛИТИКИ ОЖИДАЛИ 3,9%) ПОСЛЕ РОСТА НА 3,5% В НОЯБРЕ - РОССТАТ


**Замечено Шпионом РЦБ.
Подключить:** @StockSpy_bot",[],[],[],False
68016,2025-02-05 16:01:30+00:00,"РОСТ ПРОМПРОИЗВОДСТВА В РФ В IV КВАРТАЛЕ УСКОРИЛСЯ ДО 5,7% С 2,9% В III КВАРТАЛЕ - РОССТАТ


**Замечено Шпионом РЦБ.
Подключить:** @StockSpy_bot",[],[],[],False
68015,2025-02-05 16:00:56+00:00,"ИНФЛЯЦИЯ В РФ С 28 ЯНВАРЯ ПО 3 ФЕВРАЛЯ СОСТАВИЛА 0,16% ПОСЛЕ 0,22% С 21 ПО 27 ЯНВАРЯ - РОССТАТ


**Замечено Шпионом РЦБ.
Подключить:** @StockSpy_bot",[],[],[],False
68014,2025-02-05 15:55:24+00:00,"#NVTK
TotalEnergies не может вывести из России около $1 млрд дивидендов от Новатэка, остался лишь год, чтобы забрать их — глава французской компании.",['NVTK'],['NVTK'],[],False
68013,2025-02-05 15:42:20+00:00,"#AGRO
**Выручка ГК ""Русагро"" в IV квартале 2024 г. выросла на 19%, до 141,6 млрд руб., в 2024 г - на 20%, до 367 млрд руб.**
Выручка ГК ""Русагро"" в четвертом квартале 2024 года до межсегментных элиминаций составила 141,6 млрд рублей, что на 19% больше, чем за аналогичный период предыдущего года, сообщает компания.

[AGRO](https://www.tinkoff.ru/invest/stocks/AGRO?utm_source=security_share) 1083.8₽

👉[Полная новость](http://telegra.ph/Vyruchka-GK-Rusagro-v-IV-kvartale-2024-g-vyrosla-na-19-do-1416-mlrd-rub-v-2024-g---na-20-do-367-mlrd-rub-02-05)

**Замечено Шпионом РЦБ.
Подключить:** @StockSpy_bot",[],[],[],False
68012,2025-02-05 15:15:32+00:00,"#Нефтянка
**🛢**** Нефтяные доходы России в январе остались на уровне декабря, по предварительным оценкам** — Bloomberg

В январе в бюджет РФ в виде налогов от нефтяного сектора поступило 572.6 млрд руб (+14% г/г).

Общие поступления в бюджет РФ от нефти и газа составили 789.1 млрд руб (+17% г/г).

Показатели на уровне декабря. 

Bloomberg отмечает, что пока цифры не отражают влияние масштабных санкций США, которые администрация Байдена ввела перед уходом.",[],[],[],True
68011,2025-02-05 14:47:35+00:00,"#CARM [СТГ](https://www.tinkoff.ru/invest/stocks/CARM?utm_source=security_share)
💰 **Решения СД**

Текущая цена: 1.684 ₽

Содержание решений, принятых советом директоров эмитента:
По вопросу № 1 повестки дня: О рассмотрении кандидатов в СД, предложенных акционерами для избрания на годовом общем собрании акционеров ПАО «СТГ»:
1.1. Рассмотреть предложения, поступившие в адрес ПАО «СТГ» от акционера или акционеров, являющихся в совокупности владельцами не менее чем 2 процентов голосующих акций Общества, о кандидатах для избрания в СД Общества.
1.2. Включить в список кандидатур для голосования по выборам в СД на годовом общем собрании акционеров Общества следующих кандидатов:
1. Воскобойник Алексей Сергеевич
2. Еремин Алексей Владимирович
3. Жимерина Ирина Александровна
4. Заражевский Вадим Алексеевич
5. Калугина Анна Александровна
6. Можаев Сергей Александрович
7. Мямлина Ольга Юрьевна
8. Плишкина Елена Сергеевна
9. Шамрай Никита Валерьевич
10. Щавелев Алексей Алексеевич
11. Яшина Елена Борисовна
1.3. Сообщение о проведении годового общего собрании акционеров Общества будет утверждено решением СД Общества с учетом сроков, установленных п. 1 ст. 47 Федерального закона от 26.12.1995 № 208-ФЗ «Об акционерных обществах».
По вопросу № 2 повестки дня: Об утверждении Положения о дивидендной политике Публичного акционерного общества «СмартТехГрупп»:
2.1. Утвердить Положение о Дивидендной политике Публичного акционерного общества «СмартТехГрупп» согласно Приложению №1 к настоящему протоколу.
2.2. Признать утратившим силу Положение о Дивидендной политике Публичного акционерного общества «СмартТехГрупп», утвержденное Решением СД ПАО «СТГ», Протокол № 4 от 14.06.2023.

👉 [Полный текст сообщения](https://www.e-disclosure.ru/portal/event.aspx?EventId=LdPNJdoYoEWU0jdQiX3f6w-B-B)

**Замечено  Шпионом РЦБ.**
**Подключить:** @StockSpy_bot",[],[],[],False
68010,2025-02-05 14:12:46+00:00,"#ЦБРФ #Прогноз
Новые прогнозы аналитиков по средней ключевой ставке (в сравнении с декабрьским опросом ЦБ) — ЦБ РФ

2025 г — 20.5% (вместо 21.3%)
2026 г — 15% (вместо 14.6%)
2027 г — 10.4% (без изменений).",[],[],[],False
68009,2025-02-05 14:04:54+00:00,"#HYPR
Бум зарядок в Москве: **В столице резко выросло использование публичных зарядных станций для электромобилей**

За 2024 год московские ЭЗС были использованы более 500 тыс. раз, что в 2 2 раза превышает показатели 2023 года. 

https://transport.mos.ru/mostrans/all_news/123001",[],[],[],True
68008,2025-02-05 12:18:20+00:00,"#Электрокары #HYPR
Toyota последует примеру Tesla и построит в Шанхае полностью принадлежащий ей завод по производству электромобилей Lexus",[],[],[],False
68007,2025-02-05 12:02:49+00:00,"#Макро
РСПП сообщил о рекордной доле бизнеса с планами повысить цены — 37% компаний намерены повышать цены в 2025 году. Это максимальная доля минимум за 7 лет — РБК",[],[],[],False
68006,2025-02-05 12:00:03+00:00,"#CIAN
**МКАО ""Циан"" получило публичный статус**
Российская холдинговая компания сервиса объявлений о недвижимости МКАО ""Циан"" получила публичный статус и преобразована в МКПАО. Соответствующая информация опубликована в ЕГРЮЛ в среду, изменения были внесены во вторник.

[CIAN](https://www.tinkoff.ru/invest/stocks/CIAN?utm_source=security_share) 560.0₽

👉[Полная новость](http://telegra.ph/MKAO-Cian-poluchilo-publichnyj-status-02-05-3)

**Замечено Шпионом РЦБ.
Подключить:** @StockSpy_bot",[],[],[],False
68005,2025-02-05 11:59:26+00:00,"#Политика
🇺🇸 Почтовая служба США приостанавливает отправку посылок из Китая из-за обострения тарифной войны — FT",[],[],[],False
68004,2025-02-05 10:59:48+00:00,"#Макро
📉 Фьючерс на доллар на бирже",[],[],[],True
68003,2025-02-05 10:56:21+00:00,#IMOEX в минусе сегодня,[],[],[],True
68002,2025-02-05 09:58:03+00:00,"#Политика
🇷🇺 **Полная цитата Пескова о возможности переговоров с Зеленским:**

Нужно отдавать себе полный отчет в том, что происходит. Анализ с нашей стороны, который неоднократно был озвучен президентом Путиным, говорит о том, что господин Зеленский имеет большие проблемы де-юре с точки зрения своей легитимности, но даже, несмотря на это, российская сторона остается открытой для переговоров

Динамика развития событий на земле, динамика хода специальной военной операции весьма недвусмысленно говорит о том, что в первую очередь открытость и заинтересованность в таких переговорах должна демонстрироваться из Киева.",[],[],[],False
68001,2025-02-05 09:54:15+00:00,#IMOEX в плюсе сегодня,[],[],[],True
68000,2025-02-05 09:45:02+00:00,"#Политика
Заявление госсекретаря США Рубио о многополярности совпадает с видением Москвы, Россия это приветствует — Песков",[],[],[],False
67999,2025-02-05 09:44:22+00:00,"#Политика
Москва продолжит развивать сотрудничество с Тегераном — Песков об указе Трампа о давлении на Иран.",[],[],[],False
67998,2025-02-05 09:42:40+00:00,"#Политика
Зеленский не является легитимным президентом Украины, но Россия готова вести с ним переговоры — Песков.",[],[],[],False
67997,2025-02-05 09:13:55+00:00,"#Политика
Анкара рассчитывает, что мирные инициативы по Украине будут конкретизированы до июня — МИД Турции",[],[],[],False
67996,2025-02-05 09:08:18+00:00,"#Макро
• Минфин с 7 февраля сокращает покупки валюты и золота по бюджетному правилу на 20%, до 3.3 млрд руб./день.

• ЦБ РФ с 7 февраля по 6 марта увеличит продажу валюты до 5.56 млрд руб./день (ранее 4.76 млрд руб./день).",[],[],[],False
67995,2025-02-05 09:02:03+00:00,"#MAGN [ММК](https://www.tinkoff.ru/invest/stocks/MAGN?utm_source=security_share)
📣 **Существенное событие**

Краткое описание события, наступление которого, по мнению эмитента, оказывает влияние на стоимость или котировки его ценных бумаг: публикация релиза: ММК СООБЩАЕТ О ПЕРЕНОСЕ ДАТЫ ПУБЛИКАЦИИ ФИНАНСОВЫХ РЕЗУЛЬТАТОВ ЗА 12 МЕСЯЦЕВ 2024 ГОДА.

👉 [Полный текст сообщения](https://www.e-disclosure.ru/portal/event.aspx?EventId=LB9Jcr-AYA0-Cu2cZHK6OBBg-B-B)

**Замечено  Шпионом РЦБ.**
**Подключить:** @StockSpy_bot",['MAGN'],['MAGN'],[],False
67994,2025-02-05 08:43:56+00:00,#IMOEX ниже 2900 п,[],[],[],True
67993,2025-02-05 08:27:12+00:00,"#Политика
🇷🇺 Глава МИД РФ Лавров проводит круглый стол по Украине с иностранными послами

📺 [Трансляция](https://rutube.ru/video/ed22b14ab79340b8fe8dc8291c3aa6eb/)",[],[],[],True
67992,2025-02-05 08:19:26+00:00,"#FXPO
**Национальная полиция Украины хочет оштрафовать Ferrexpo на $3.7 млрд** за нарушение экологических норм.

**Капитализация Ferrexpo $0.7 млрд.**

Акции компании на торгах в Лондоне в моменте падали на 52%.

Ferrexpo — швейцарская компания с активами на Украине по торговле сырьевыми товарами и добыче полезных ископаемых, которая является третьим по величине экспортером окатышей из железной руды в мире.",[],[],[],True
67991,2025-02-05 08:05:27+00:00,"#Политика
🇮🇷 Если главным препятствием для США является стремление Ирана создать ядерное оружие, то это можно решить — Министр иностранных дел Ирана",[],[],[],False
67990,2025-02-05 07:44:21+00:00,А дивгэп от 2022 не сказали когда закроют?,[],[],[],False
67989,2025-02-05 07:37:49+00:00,"#GAZP
**СД Газпрома назначил ГОСА на 26 июня, утвердил повестку, включая вопрос о дивидендах** (обязательный вопрос)

Рекомендации по дивидендам пока нет.",[],[],[],False
67988,2025-02-05 07:20:18+00:00,"#SMLT #Бонды
**Итоги программы выпуска облигаций Самолета**

Совокупный объем денежных средств, который Самолет направит на выкуп облигаций каждого выпуска, составит порядка 2 млрд рублей. 

Итоговая цена выкупа выпуска облигаций серии (от номинальной стоимости):

БО-П12 – 92.56%
БО-П13 – 86.52%
БО-П14 – 84.25%
БО-П15 – 86.90%.",[],[],[],False
67987,2025-02-05 07:02:08+00:00,"ВЫРУЧКА МКПАО ""ЛЕНТА"" В IV КВАРТАЛЕ ВЫРОСЛА НА 18,8%, ДО 261,4 МЛРД РУБ. - КОМПАНИЯ


**Замечено Шпионом РЦБ.
Подключить:** @StockSpy_bot",[],[],[],False
67986,2025-02-05 07:02:02+00:00,"ВЫРУЧКА МДМГ В IV КВ ВЫРОСЛА НА 13,8%, ДО 9,1 МЛРД РУБЛЕЙ - КОМПАНИЯ


**Замечено Шпионом РЦБ.
Подключить:** @StockSpy_bot",[],[],[],False
67985,2025-02-05 06:51:15+00:00,"#DELI #Отчетность
🖨 Делимобиль: операционные результаты 2024

Компания ожидает роста выручки на 35% в 2024 году",[],[],[],True
67984,2025-02-05 06:49:17+00:00,"#SGZH
**Лесную отрасль предложили поддержать льготами и стройкой** — [РБК](https://www.rbc.ru/economics/05/02/2025/67a230159a79479d6335eb2b)

Вице-премьер Александр Новак поручил проработать меры поддержки лесной отрасли: дать таможенные льготы, увеличить число поездов для экспорта, а также на год перенести обязательство оснащать транспорт системами отслеживания.",['AFKS'],[],['AFKS'],False
67983,2025-02-05 06:47:01+00:00,"ИНДЕКС PMI СФЕРЫ УСЛУГ РФ В ЯНВАРЕ ВЫРОС ДО 54,6 ПУНКТА С 51,2 ПУНКТА В ДЕКАБРЕ - S&P GLOBAL


**Замечено Шпионом РЦБ.
Подключить:** @StockSpy_bot",[],[],[],False
67982,2025-02-04 16:42:30+00:00,"#OZON
**Ozon опубликует результаты за IV кв. и весь 2024г 27 февраля**
Ozon 27 февраля опубликует финансовые результаты за IV квартал и весь 2024 год, сообщила компания.

[OZON](https://www.tinkoff.ru/invest/stocks/OZON?utm_source=security_share) 3487.0₽

👉[Полная новость](http://telegra.ph/Ozon-opublikuet-rezultaty-za-IV-kv-i-ves-2024g-27-fevralya-02-04-2)

**Замечено Шпионом РЦБ.
Подключить:** @StockSpy_bot",[],[],[],False
67981,2025-02-04 15:52:11+00:00,"#Политика
🇺🇦  Ратификация соглашений о прекращении огня пока невозможна. Такие разговоры не могут сейчас вестись — украинский депутат",[],[],[],False
67980,2025-02-04 15:46:41+00:00,"#ЦБРФ
**Аналитики ЦБ РФ видят необходимость в длительном периоде поддержания жестких денежно-кредитных условий **— документ",[],[],[],False
67979,2025-02-04 15:10:30+00:00,"#Нефтянка
**Bloomberg сообщил о задержках с выгрузкой нефти с Сахалина из-за санкций**

Только два из девяти танкеров, отправленных с Сахалина, разгрузили после ввода США новых санкций против российского ТЭКа. Еще четыре простаивают, а оставшиеся находятся в пути или только прибыли в пункт назначения.",[],[],[],False
67978,2025-02-04 15:00:35+00:00,"#MOEX #ОбъемТоргов 
**💥 Мосбиржа опубликовала результаты торгов в январе 2025**

Общий объем торгов 105.4 трлн руб (-2.3% г/г)
Рынок акций, расписок и паев 3.3 трлн руб. (+83% г/г)
Рынок облигаций 1.4 трлн руб (+27% г/г)
Срочный рынок 8.3 трлн. руб. (+25% г/г)
Денежный рынок 85.6 трлн руб. (+23% г/г)",[],[],[],False
67977,2025-02-04 14:46:16+00:00,"**#Нефтянка**** ****#Политика****
США изменят или отменят существующие исключения из санкций для реализации кампании, направленной на сведение экспорта иранской нефти к нулю** - официальный представитель США

Иран — крупный поставщик нефти в том числе в Китай",[],[],[],False
67976,2025-02-04 14:43:57+00:00,"#MOEX
ОБЪЕМ ТОРГОВ НА МОСКОВСКОЙ БИРЖЕ В ЯНВАРЕ СНИЗИЛСЯ Г/Г ДО 105,4 ТРЛН РУБ. (СО 107,9 ТРЛН РУБ.) - БИРЖА


[MOEX](https://www.tinkoff.ru/invest/stocks/MOEX?utm_source=security_share) 202.2₽

**Замечено Шпионом РЦБ.
Подключить:** @StockSpy_bot",[],[],[],False
67975,2025-02-04 14:37:33+00:00,📈**#BTC**** выше $100 000 на открытии американского рынка**,[],[],[],True
67974,2025-02-04 14:00:18+00:00,"#Политика
🇺🇦 **Украина готова обсуждать возможность проведения выборов до конца 2025 года** — посол Украины в США Оксана Маркарова",[],[],[],False
67973,2025-02-04 13:18:23+00:00,"❗️ **Обновленная инструкция по Шпиону РЦБ**

Подробный разбор всех функций: с описанием и возможными стратегиями их использования в своей торговле. 

**Пользователю Шпиона РЦБ доступны следующие функции**
• Дельта
• Рейтинг акций по покупкам и продажам/
• Доступ к чату с аналитиком и другими пользователями
• Аномальные объемы
• Аномальные лимитки
• Моментальные новости из первоисточников
• Раскрытие корпоративной информации

Все эти функции подробно описаны в инструкции:

[👉 ЧИТАТЬ РУКОВОДСТВО](https://dzen.ru/a/Z4T3vjatYHRrNAs6)

Обязательно к прочтению перед подключением

[👉](https://dzen.ru/a/Z4T3vjatYHRrNAs6) [ПОДКЛЮЧИТЬСЯ К ШПИОНУ](https://t.me/StockSpy_bot)",[],[],[],True
67972,2025-02-04 12:38:04+00:00,#IMOEX закрыл гэп с закрытия вчерашней основной сессии,[],[],[],True
67971,2025-02-04 12:35:07+00:00,"**Интерес к электромобилям в России растет, особенно в крупных городах — Иван Савельев, исполнительный директором Hongqi Russia.** #VIP_talk 

Исполнительный директор Hongqi Russia Иван Савельев дал интервью Autosts. Ключевые тезисы о развитии рынка электромобилей в России:

✍️ В России пока слабо развита инфраструктура для зарядки электромобилей, однако пример Китая показывает что инфраструктура рождает спрос на электромобили.

✍️ Hongqi планирует экспортировать в Россию то, что будет производиться в Китае в больших количествах. В Китае доля продаж всех типов электромобилей в общих продажах авто достигла 47.6% по итогам 2024 года и, по прогнозам, продолжит расти (на фото).

👉 Это подтверждает тезис источников РДВ о том, что спрос на электромобили в России будет драйвиться ростом проникновения электромобилей в Китае: https://t.me/AK47pfl/18983

👉 Развитием инфраструктуры для электромобилей в России занимается компания Hyper (HYPR), федеральный оператор электродвижения, чьи акции торгуются на Мосбирже: https://t.me/AK47pfl/19278

😀 @AK47pfl",[],[],[],True
67970,2025-02-04 12:13:44+00:00,"#SMLT 
**Самолет выходит на рынок Уфы** — РИА

Девелопер начал реализацию проекта ЖК Урбан Мартен.

Общая площадь участка застройки - 32,6 гектара, а в домах суммарно запроектированы более 304 тысяч квадратных метров жилья и более 18 тысяч квадратных метров коммерческой инфраструктуры",[],[],[],False
67969,2025-02-04 11:59:26+00:00,"#Макро
Нужно обеспечить сбалансированный рост экономики, правительство координирует усилия с ЦБ РФ — Мишустин",[],[],[],False
67968,2025-02-04 10:35:37+00:00,"**Рейтинг акций по чистым покупкам и чистым продажам на 04.02.2025 13:30**

```Покупки

Тикер    %      Млн. руб.
URKZ     99.4%  +2.1
SELG     97.5%  +31.2
LENT     97.1%  +25.6
PHOR     96.3%  +74.3
PLZL     94.7%  +348.7
AMEZ     93.8%  +10.7
LIFE     92.1%  +4.9
DZRD     91.4%  +0.2
VSMO     89.7%  +3.8
BRZL     86.8%  +1.0

Продажи

Тикер    %      Млн. руб.
MRKK     12.0%  -0.2
LNZL     10.7%  -2.1
YKEN     9.5%   -0.3
MDMG     8.8%   -18.1
MAGE     7.4%   -0.4
RASP     6.2%   -37.9
GAZA     5.4%   -0.3
KMEZ     5.3%   -0.4
SVET     4.3%   -1.7
POSI     0.8%   -129.2```
([**Что это значит**](https://t.me/SpyFAQ/32))

**Замечено Шпионом РЦБ.**
**Подключить: ****@StockSpy_bot**",[],[],[],False
67967,2025-02-04 10:05:33+00:00,"#HYPR #Электрокары
В 2024 году россияне купили рекордное количество **электромобилей** с пробегом, лидеры по числу сделок - Nissan, Tesla и Zeekr — [Автостат](https://www.autostat.ru/news/59390/)",[],[],[],False
67966,2025-02-04 09:41:38+00:00,**☠️**** ****#TRUMP**** -78% с пика**,[],[],[],True
67965,2025-02-04 09:14:32+00:00,"#Политика
🇷🇺 Кремль не дает дополнительных комментариев к заявлению Трампа о ""прогрессе"" в урегулировании на Украине — пресс-секретарь президента РФ Песков",[],[],[],False
67964,2025-02-04 09:09:01+00:00,"#Макро
**Погрузка на сети РЖД в январе 2025 года**

В январе 2025 года объем погрузки на сети ОАО «Российские железные дороги» [составил ](https://t.me/metallplace/14324)93.1 млн тонн (-1.8% г/г).

При этом грузооборот увеличился до 220.3 млрд тарифных тонно-км (+6.2% г/г), а с учетом пробега порожних вагонов - 272.4 млрд тонно-км (+5.3% г/г).",[],[],[],True
67963,2025-02-04 08:49:09+00:00,"""Да, наш чат-бот на новой LLM по некоторым параметрам превосходит ChatGPT и другие, но в плане рыночных индикаторов лидером остается только один бот и это Шпион РЦБ"" - Лян Вэньфэн руководитель стартапа DeepSeek.

А еще Лян просил передать что подключил Шпиона со **скидкой 10%** потому что является подписчиком ИМ, и велел поделиться [**ссылкой**](https://t.me/stockspy_bot?start=promo_mem10) с вами.",[],[],[],True
67961,2025-02-04 08:42:50+00:00,"#Политика
Британия надеется избежать пошлин Трампа, увеличив закупки газа и оружия у США — Politico",[],[],[],False
67960,2025-02-04 08:35:04+00:00,#IMOEX отдал почти весь утренний рост,[],[],[],True
67959,2025-02-04 07:59:33+00:00,"#Политика
**США официально пока не предлагали ничего конкретного для решения украинского конфликта**, но зондируют контуры возможной сделки, — глава второго департамента стран СНГ МИД РФ Полищук",[],[],[],False
67958,2025-02-04 06:16:48+00:00,"#Металлурги
**Новак поручил оценить влияние послаблений для металлургов на бюджет** — [РБК](https://www.rbc.ru/business/04/02/2025/67a0eafc9a7947eab9c7ebdc)

Кабмин поручил проработать меры поддержки для металлургии. В их числе — оценка влияния на бюджет корректировки акциза на жидкую сталь, решение проблемы с порожними вагонами и формирование перечня непрерывно работающих предприятий.",[],[],[],False
67957,2025-02-04 05:55:50+00:00,"#Политика
🇨🇦 **США отложили введение пошлин против Канады на 30 дней**

Премьер Канады Трюдо после разговора с Трампом заявил, что страна согласилась взять новые обязательства по защите границы и борьбе с наркотрафиком. Такую же готовность выразили в Мексике.",[],[],[],False
67956,2025-02-04 05:54:25+00:00,"#Политика #Макро
🇨🇳 Китай ввёл ответные пошлины в размере 15% на уголь, сжиженный природный газ, нефть и сельхозтехнику из США. Кроме того, власти Китая начали расследование в отношении Google на предмет предполагаемых нарушений антимонопольного законодательства.",[],[],[],False
67955,2025-02-03 20:15:51+00:00,"#Политика
**США на выходных возобновили поставки оружия Украине **—[ Reuters](https://www.reuters.com/world/us-arms-shipments-kyiv-briefly-paused-before-resuming-over-weekend-sources-say-2025-02-03/)",[],[],[],False
67954,2025-02-03 18:20:49+00:00,"#Политика
🇺🇸 Спецпредставитель Трампа Келлог должен приехать на Украину в середине февраля на встречу с Зеленским — украинские СМИ",[],[],[],False
67953,2025-02-03 16:27:45+00:00,"#Политика
🇪🇺 Макрон и Шольц заявили о готовности ввести ответные пошлины на импорт из США, если Трамп сделает это в отношении ЕС — Financial Times",[],[],[],True
67952,2025-02-03 15:43:55+00:00,"#Политика
🇲🇽 Белый дом подтвердил приостановку пошлин против Мексики — CNBC",[],[],[],False
67951,2025-02-03 15:36:20+00:00,"#Политика
🇲🇽 **США приостанавливают действие пошлин против Мексики на 1 месяц **— президент Мексики Шейнбаум

Президент Мексики Шейнбаум заявил, что провел хороший разговор с Трампом, который привел к некоторым соглашениям.",[],[],[],False
67950,2025-02-03 15:33:43+00:00,#IMOEX 2920: -2.5% с максимумов 31 января,[],[],[],True
67949,2025-02-03 15:26:34+00:00,"#PLZL
**Акционеры Полюса одобрили дробление акций в 10 раз**",[],[],[],False
67948,2025-02-03 15:18:12+00:00,#Политика,[],[],[],True
67947,2025-02-03 15:17:14+00:00,"⬇️ **#GAZP**** 174.4M₽ -0.36%**

🔷 **Аномальный объем **
[**Газпром**](https://www.tinkoff.ru/invest/stocks/GAZP?utm_source=security_share)

Объём: 174.4M₽ (125458 лотов)
Покупка: 2% Продажа: 98%
Цена: 139.0₽

Изменение цены:
    на объеме: -0.36%
    за сегодня: -1.31%

Время: 2025-02-03 18:11:41
**Замечено Шпионом РЦБ.**
**Подключить: ****@StockSpy_bot**",[],[],[],False
67946,2025-02-03 15:10:47+00:00,"#Политика
🇺🇸🇷🇺 Россия рассматривает Саудовскую Аравию и Объединенные Арабские Эмираты (ОАЭ) в качестве возможных мест для проведения встречи президента Владимира Путина с американским коллегой Дональдом Трампом — Reuters",[],[],[],False
67944,2025-02-03 14:46:02+00:00,"⚡️ **ИИ-трейдер — новая функция в **[**Крипто Шпионе**](https://t.me/stockspy_bot)

**Мы обучили модель машинного обучения на данных **[**Крипто Шпиона**](https://t.me/stockspy_bot)** за последние два года**, чтобы вы получали информацию о приоритетных направлениях для сделок на крипто рынке.

Модель раз в сутки выдаёт прогноз по динамике BTC в течение 24 часов, а также устанавливает рекомендуемый стоп-лосс. В некоторые дни сделки может не быть. Пример сообщения:

**Прогноз ИИ-трейдера на день:**
🔴 Шорт
Цена входа: 105 202.44
Стоп лосс: 107 967.25
(сигнал от 31 января)

📊 **На графиках:** динамика доходности по BTC по сделкам ИИ-трейдера. 

**Отличия от **[**Индикатора силы**](https://t.me/SpyFAQ/83):
🎯 **Выше точность** — основной фокус при обучении был на том, чтобы максимально увеличить точность модели. Цель Индикатора силы — определять баланс сил покупателя и продавца каждый день.

🎯 **Лучше ловит тренд** — новая модель реже переворачивается из лонга в шорт и наоборот. Обычно такие перевороты происходят в зонах глобальной перекупленности/перепроданности. **Это можно использовать для поиска долгосрочных сделок.**

🎯 **Ставит стоп-лосс** — это помогает сократить риски.

Сигналы ИИ-трейдера выходят ежедневно в канале с Аналитикой. 

Подключиться к [Крипто Шпиону](https://t.me/stockspy_bot)",[],[],[],True
67943,2025-02-03 14:43:17+00:00,"#CARM [СТГ](https://www.tinkoff.ru/invest/stocks/CARM?utm_source=security_share)
💰 **Проведение заседания СД и его повестка дня**

Текущая цена: 1.6925 ₽

2.2. Дата проведения заседания совета директоров (наблюдательного совета) эмитента: 05.02.2025.

2.3. Повестка совета директоров эмитента: 
1. О рассмотрении кандидатов в СД, предложенных акционерами для избрания на годовом общем собрании акционеров ПАО «СТГ».
2. Об утверждении Положения о **дивидендной** политике Публичного акционерного общества «СмартТехГрупп».
3. Об отнесении членов СД к одной из категорий, установленных Положением о вознаграждении членов СД Публичного акционерного общества «СмартТехГрупп».

👉 [Полный текст сообщения](https://www.e-disclosure.ru/portal/event.aspx?EventId=tc3ao5D87UmuYBD9L7JFuQ-B-B)

**Замечено  Шпионом РЦБ.**
**Подключить:** @StockSpy_bot",[],[],[],False
67942,2025-02-03 14:28:51+00:00,"#ИИ
**Глава OpenAI Сэм Альтман не намерен подавать иск против создателей китайского чат-бота DeepSeek**

Альтман назвал DeepSeek ""действительно впечатляющей моделью"" и выразил уверенность, что его китайские конкуренты продолжат ""расширять горизонты и представлять отличные продукты"".",[],[],[],False
67941,2025-02-03 14:26:05+00:00,"#AGRO
**Cуд отклонил кассацию кипрского акционера Русагро на решение о приостановке его корпоративных прав**",[],[],[],False
67940,2025-02-03 14:24:48+00:00,"НОВАК: ПРАКТИЧЕСКИ ВСЕ СТРАНЫ ОПЕК+ НА 100%-НОМ УРОВНЕ ИСПОЛНЕНИЯ


**Замечено Шпионом РЦБ.
Подключить:** @StockSpy_bot",[],[],[],False
67939,2025-02-03 13:43:49+00:00,"КОМИТЕТ ОПЕК+ ИСКЛЮЧИЛ EIA И RYSTAD ИЗ СПИСКА ВТОРИЧНЫХ ИСТОЧНИКОВ ИНФОРМАЦИИ - ИСТОЧНИК


**Замечено Шпионом РЦБ.
Подключить:** @StockSpy_bot",[],[],[],False
67938,2025-02-03 12:51:14+00:00,"#Цифры
☠️ CEO Bybit рассказал, что только на его бирже ликвидации за последние 24 часа достигли $2.1 млрд, а общую сумму ликвидаций он оценивает в $8-10 млрд.",[],[],[],True
67937,2025-02-03 12:22:03+00:00,"#DIAS [Диасофт](https://www.tinkoff.ru/invest/stocks/DIAS?utm_source=security_share)
💰 **Решения СД**

Текущая цена: 4429.0 ₽

принять решение о выплате **дивидендов** по результатам прошлых лет в денежной форме в размере 53,30 рубля 30 копеек на одну обыкновенную акцию Общества в общей сумме 559 650 000,00 рублей 00 копеек.

👉 [Полный текст сообщения](https://www.e-disclosure.ru/portal/event.aspx?EventId=36p7S8h73UmE9aqWU2n3rw-B-B)

**Замечено  Шпионом РЦБ.**
**Подключить:** @StockSpy_bot",[],[],[],False
67936,2025-02-03 11:35:52+00:00,"#Электрокары #KMAZ
Атомы из опытной партии уже[ на улицах](https://t.me/dreamcarsru/18047)",[],[],[],True
67935,2025-02-03 11:24:11+00:00,"#AFLT
Аэрофлот нацелен перевезти в 2025г не менее 55 млн человек и сохранить чистую прибыль — СЕО",[],[],[],False
67934,2025-02-03 11:23:32+00:00,"#GCHE
**""Черкизово"" отразило расходы по налогу на прибыль из-за повышения его ставки почти в 122,7 млн руб**
ПАО ""Группа Черкизово"" отразило расход по налогу на прибыль в связи с повышением его ставки до 25% в 122 млн 687 тыс. рублей, сообщается в отчете компании по РСБУ за 2024 год.

[GCHE](https://www.tinkoff.ru/invest/stocks/GCHE?utm_source=security_share) 4551.0₽

👉[Полная новость](http://telegra.ph/CHerkizovo-otrazilo-rashody-po-nalogu-na-pribyl-iz-za-povysheniya-ego-stavki-pochti-v-1227-mln-rub-02-03-3)

**Замечено Шпионом РЦБ.
Подключить:** @StockSpy_bot",[],[],[],False
67927,2025-02-03 09:34:57+00:00,"#Политика
**🇷🇺**** Серьезных обсуждений вариантов переговоров по украинскому вопросу пока не было** — Песков

Идея проведения выборов на Украине с целью легитимизации руководства важна — Кремль",[],[],[],False
67926,2025-02-03 09:34:16+00:00,"#Политика
**🇷🇺**** По всей видимости, контакты планируются, у Москвы тоже есть процесс планирования, но новой информации нет** — пресс-секретарь президента РФ Песков на слова Трампа о планах контактов с РФ и Украиной",[],[],[],False
67924,2025-02-03 09:13:32+00:00,"**+6.7% к портфелю за месяц — итоги аналитики в Шпионе РЦБ**

Напомним, Аналитика — дополнение, в котором профессиональный трейдер торгует по [данным Шпиона РЦБ](https://t.me/stockspy_bot), совмещая с теханализом и грамотным риск-менеджментом. А также аналитик регулярно проводит онлайн-звонки с пользователями и общается в чате, отвечая на вопросы. 
**
Статистика аналитика в январе:**
Доходность — +6.7% (+80% годовых) при плане +4% в месяц
WinRate — 74%
Количество идей — 31 (часть из них на скриншотах)
Средний профит — +2.5%
Средний убыток — -0.9%

**👉 **[**Следить за Шпионом РЦБ**](https://t.me/stockspy_bot)** и сделками аналитика**",[],[],[],True
67923,2025-02-03 08:55:05+00:00,"#Adoption
✉️ В личном кабинете налогоплательщика была добавлена новая функция, позволяющая пользователям отчитываться о получении цифровой валюты через онлайн-сервис — пресс-служба ФНС",[],[],[],False
67922,2025-02-03 08:51:15+00:00,"#CHMF
Cеверсталь отразила расходы по налогу на прибыль в связи с повышением его ставки до 25% в сумме 8 млрд руб — отчет",[],[],[],False
67921,2025-02-03 08:30:38+00:00,"#AFLT
**Аэрофлот в IV кв. получил 4,4 млрд руб. чистого убытка по РСБУ, за весь 2024г - 22 млрд руб. прибыли**
ПАО ""Аэрофлот"" в IV квартале 2024 года получило 4,4 млрд руб. чистого убытка по РСБУ против 65,2 млрд руб. чистой прибыли за тот же период 2023 года, сообщила компания.

[AFLT](https://www.tinkoff.ru/invest/stocks/AFLT?utm_source=security_share) 64.13₽

👉[Полная новость](http://telegra.ph/Aehroflot-v-IV-kv-poluchil-44-mlrd-rub-chistogo-ubytka-po-RSBU-za-ves-2024g---22-mlrd-rub-pribyli-02-03-3)

**Замечено Шпионом РЦБ.
Подключить:** @StockSpy_bot",[],[],[],False
67920,2025-02-03 08:04:24+00:00,"#CHMF
**Северсталь сократила в IV квартале EBITDA на 28%, до 46,47 млрд руб., хуже прогноза**
""Северсталь"" в IV квартале 2024 года сократила EBITDA на 28% по сравнению со третьим кварталом, до 46,47 млрд рублей. По сравнению с аналогичным периодом прошлого года показатель упал на 35%, говорится в сообщении компании.

[CHMF](https://www.tinkoff.ru/invest/stocks/CHMF?utm_source=security_share) 1177.0₽

👉[Полная новость](http://telegra.ph/Severstal-sokratila-v-IV-kvartale-EBITDA-na-28-do-4647-mlrd-rub-huzhe-prognoza-02-03-2)

**Замечено Шпионом РЦБ.
Подключить:** @StockSpy_bot",[],[],[],False
67919,2025-02-03 08:01:27+00:00,"#CHMF [Северсталь](https://www.tinkoff.ru/invest/stocks/CHMF?utm_source=security_share)
💰 **Решения СД**

Текущая цена: 1188.6 ₽

1. Рекомендовать прибыль ПАО «Северсталь» по результатам 2024 года не распределять, **дивиденды** не выплачивать.

👉 [Полный текст сообщения](https://www.e-disclosure.ru/portal/event.aspx?EventId=15Hq11LsrEGN5s6nqLurtw-B-B)

**Замечено  Шпионом РЦБ.**
**Подключить:** @StockSpy_bot",[],[],[],False
67918,2025-02-03 08:00:02+00:00,"#CHMF #Дивиденды
💰 СД Северстали 31 января обсудили дивиденды за 2024 год — решение пока не объявлено",[],[],[],False
67917,2025-02-03 07:07:00+00:00,"#MGKL
**Группа ""МГКЛ"" в январе увеличила выручку в 4,7 раза г/г, до715 млн руб.**
Группа ""МГКЛ"" , по предварительным данным, в январе 2025 г. увеличила выручку до 715 млн руб., что в 4,7 раза больше по сравнению с аналогичным периодом прошлого года, говорится в сообщении группы.

[MGKL](https://www.tinkoff.ru/invest/stocks/MGKL?utm_source=security_share) 2.59₽

👉[Полная новость](http://telegra.ph/Gruppa-MGKL-v-yanvare-uvelichila-vyruchku-v-47-raza-gg-do715-mln-rub-02-03)

**Замечено Шпионом РЦБ.
Подключить:** @StockSpy_bot",[],[],[],False
67916,2025-02-03 07:05:39+00:00,"#REKT
📉 **За 24 часа ликвидировано позиций на $2.24 млрд.**",[],[],[],True
67915,2025-02-03 07:01:45+00:00,"#Недвижимость
Власти Москвы не видят необходимости в мерах поддержки девелоперов — заммэра Москвы",[],[],[],False
67914,2025-02-03 07:00:04+00:00,"#Металлурги
**В 2024 году ж/д завоз строительного проката в Московский регион самый низкий за последние 3 года**",[],[],[],False
67913,2025-02-03 06:51:02+00:00,"#Недвижимость
**Спрос на элитную недвижимость в Москве резко возрос**, поскольку россияне инвестируют в недвижимость на родине и отказываются от зарубежных сделок из-за санкций — Bloomberg

По данным NF Group, продажи элитных квартир по цене от 1,95 млн рублей за квадратный метр в Москве выросли почти на 40% в прошлом году. А цены выросли на 21%.",[],[],[],False
67912,2025-02-03 06:43:01+00:00,"#Политика
Президент Панамы Хосе Рауль Мулино после переговоров с главой Госдепартамента США Марко Рубио заявил, что правительство страны не станет продлевать действие меморандума о взаимопонимании с Китаем по инициативе «Один пояс — один путь».",[],[],[],False
67911,2025-02-03 06:36:45+00:00,"#AFLT
АЭРОФЛОТ В 2025Г ОЖИДАЕТ ПОВЫШЕНИЯ СТОИМОСТИ БИЛЕТОВ НА УРОВНЕ ИНФЛЯЦИИ - СЕО


[AFLT](https://www.tinkoff.ru/invest/stocks/AFLT?utm_source=security_share) 63.21₽

**Замечено Шпионом РЦБ.
Подключить:** @StockSpy_bot",[],[],[],False
67910,2025-02-03 06:36:01+00:00,"#Газ #GAZP
**Поставки газа в ЕС по «Турецкому потоку» в январе установили рекорд **— Ведомости

Дополнительный спрос обеспечили Венгрия и европейские трейдеры. 

Поставки российского газа в страны Евросоюза (ЕС) по газопроводу «Турецкий поток» в январе 2024 г. выросли на 27% к показателю января прошлого года и достигли 1.56 млрд куб. м

По сравнению с декабрём — рост на 2%.",[],[],[],False
67909,2025-02-03 06:20:12+00:00,"#Уголь
**Российские угольщики снизили поставки в Индию и Турцию в 2024 году** — Ведомости

Экспортерам мешали логистические сложности и слабая ценовая конъюнктура по этим направлениям. 

Поставки в Индию, по данным ЦЦИ, упали к предыдущему году на 37% до 25 млн т. Экспорт в Турцию сократился еще сильнее – на 39% до 14 млн т.",[],[],[],False
67908,2025-02-03 06:03:36+00:00,"ПОГРУЗКА НА СЕТИ РЖД В ЯНВАРЕ СНИЗИЛАСЬ НА 1,8% - ИСТОЧНИК


**Замечено Шпионом РЦБ.
Подключить:** @StockSpy_bot",[],[],[],False
67907,2025-02-03 05:48:01+00:00,"#Политика
**Трамп, выступая на авиабазе Эндрюс рядом с Вашингтоном, заявил о запланированных встречах и контактах с представителями России и Украины.** По его словам, обсуждение запланированных встреч проходит «довольно успешно».",[],[],[],False
67906,2025-01-31 22:28:39+00:00,"#Политика
Трамп уклонился от ответа во время вопроса, общался ли он с Путиным

Другие заявления Трампа: 

Мы ведем очень серьезные обсуждения… с Россией, да"", — сообщил он журналистам в Белом доме на вопрос о диалоге Вашингтона и Москвы по завершению конфликта.

Трамп также пообещал, что будет ""говорить"" с российским лидером Владимиром Путиным о завершении конфликта на Украине и, возможно, достигнет ""чего-то существенного"".",[],[],[],True
67905,2025-01-31 21:54:59+00:00,"#Политика
**Трамп в субботу введёт новые тарифы на товары из Китая (10%), Канады (25%) и Мексики** **(25%)** — Белый дом — Reuters",[],[],[],False
67904,2025-01-31 21:54:17+00:00,"#Политика
Издержки от ввода тарифов частично могут лечь на потребителей — Трамп",[],[],[],False
67903,2025-01-31 21:53:07+00:00,"#Политика
Меня не беспокоит реакция рынков на введённые тарифы — Трамп",[],[],[],False
67902,2025-01-31 21:52:25+00:00,"#Политика
**🇺🇸**** Я обязательно введу тарифы на товары из ЕС** — Трамп",[],[],[],False
67901,2025-01-31 21:51:12+00:00,"#Политика
Трамп пообещал, что будет говорить с Путиным и **намерен положить конец украинскому конфликту**",[],[],[],False
67900,2025-01-31 21:50:41+00:00,"#Политика
Трамп заявил, что ведет ""очень серьезное"" обсуждение с Россией о завершении конфликта на Украине",[],[],[],False
67899,2025-01-31 15:12:38+00:00,"#GAZP
❗️ Газпром 3 февраля — СД о подготовке к собранию акционеров

В повестке:
• проведение Общего собрания акционеров
• рассмотрение предложений по выдвижению кандидатов в Ревизионную комиссию, а также вопросов в повестку дня Общего собрания акционеров.",[],[],[],False
67898,2025-01-31 14:35:57+00:00,"#SMLT #Бонды
**Самолет объявляет о решении установить величину купонного дохода на уровне 26% годовых (прежний размер 12.7%) по облигационному выпуску серии БО-П11**

Согласно ранее озвученным планам в рамках предстоящей оферты по выпуску облигаций серии БО-П11 со сроком погашения 08.02.2028 Компания установила новую ставку купона. Увеличенный размер купонных выплат будет применим к предстоящим купонным периодам до февраля 2027 года.",[],[],[],False
67897,2025-01-31 14:11:07+00:00,"#SPBE
**СПБ Биржа: итоги 2024**

• Объём торгов в режиме основных торгов российскими ценными бумагами вырос до 48.71 млрд рублей (+77% г/г)
• Среднедневной объём торгов российскими ценными бумагами до 190.28 млн рублей (+79.07% г/г)
• Количество зарегистрированных уникальных инвесторов достигло 32.29 млн (+46.57% г/г)
• Общее количество ценных бумаг на торгах составило 171 шт. (+125 шт.)
• Размещены 24 выпуска ЦФА на 13.45 млрд рублей",[],[],[],False
67896,2025-01-31 14:09:43+00:00,"#SPBE
СПБ БИРЖА ГОТОВИТСЯ НАЧАТЬ ТОРГИ РАСЧЁТНЫМИ ОПЦИОНАМИ НА ЦЕННЫЕ БУМАГИ КИТАЯ, ИНДИИ, БРАЗИЛИИ И РОССИИ - РЕЛИЗ


[SPBE](https://www.tinkoff.ru/invest/stocks/SPBE?utm_source=security_share) 154.1₽

**Замечено Шпионом РЦБ.
Подключить:** @StockSpy_bot",[],[],[],False
67895,2025-01-31 14:08:08+00:00,"#SPBE
ГРУППА СПБ БИРЖИ ПЛАНИРУЕТ ЗАВЕРШИТЬ 2024Г ПО МСФО С ПРИБЫЛЬЮ - РЕЛИЗ


[SPBE](https://www.tinkoff.ru/invest/stocks/SPBE?utm_source=security_share) 152.6₽

**Замечено Шпионом РЦБ.
Подключить:** @StockSpy_bot",[],[],[],False
67894,2025-01-31 13:10:51+00:00,"#Политика
🇺🇸 Трамп не хочет предоставлять Украине больше помощи и не хочет, чтобы Украину приняли в НАТО — The Washington Post",[],[],[],False
67893,2025-01-31 12:54:08+00:00,"#Политика
🇷🇺 74.9% россиян одобряют работу Путина — ВЦИОМ",[],[],[],False
67892,2025-01-31 11:47:18+00:00,"#Политика
**Песков заявил, что разговора Путина и Трампа все еще не было**",[],[],[],False
67891,2025-01-31 11:41:30+00:00,"#Нефтянка
Правительство РФ решило продлить до 28 февраля разрешение производителям экспортировать бензин",[],[],[],False
67890,2025-01-31 11:13:29+00:00,"#CARM #Дивиденды
**Новая дивполитика Смарттехгрупп предполагает ежегодные выплаты от 50% прибыли**",[],[],[],False
67889,2025-01-31 09:47:24+00:00,"#Макро #Политика
БРИКС не обсуждает создание общей валюты, идет речь о новых инвестиционных платформах — Кремль",[],[],[],False
67888,2025-01-31 09:46:01+00:00,"#Политика
Россия и США контактируют по авиакатастрофе в Вашингтоне посредством дипломатических каналов — Песков",[],[],[],False
67887,2025-01-31 09:40:57+00:00,"#UPRO
ЭЛЕКТРОСТАНЦИИ ЮНИПРО В 2024 Г. ПРОИЗВЕЛИ 56,74 МЛРД КВТ.Ч ЭЛЕКТРОЭНЕРГИИ ПРОТИВ 56,55 МЛРД КВТ.Ч ГОДОМ РАНЕЕ - МАТЕРИАЛЫ КОМПАНИИ


[UPRO](https://www.tinkoff.ru/invest/stocks/UPRO?utm_source=security_share) 2.064₽

**Замечено Шпионом РЦБ.
Подключить:** @StockSpy_bot",[],[],[],False
67886,2025-01-31 09:40:45+00:00,"#Политика
Словакия заинтересована в хороших отношениях с Россией, отвергает политику нового железного занавеса — премьер Фицо",[],[],[],False
67885,2025-01-31 08:54:56+00:00,"#GAZP
Экспорт Газпрома по Турецкому потоку в Европу в январе достиг рекорда — Reuters",[],[],[],False
67884,2025-01-31 08:19:06+00:00,"#Техи
**Через 5 лет на отечественное ПО должны перейти 80% российских предприятий** — Мишустин",[],[],[],False
67883,2025-01-31 08:01:22+00:00,"#Политика
**🇷🇺****🇺🇸**** Продвижения с организацией контакта Путина и Трампа нет,** но возобновление прямого диалога между РФ и США сейчас востребовано - замглавы МИД РФ Рябков",[],[],[],False
67882,2025-01-31 07:11:25+00:00,"#GAZP 
ЕВРОКОМИССИЯ ПООБЕЩАЛА ВЕНГРИИ ДОБИВАТЬСЯ ОТ УКРАИНЫ ВОЗОБНОВЛЕНИЯ ТРАНЗИТА ГАЗА ИЗ РФ — ОРБАН

ВЕНГРИЯ ЧЕРЕЗ ПОЛГОДА ВЕТИРУЕТ ПРОДЛЕНИЕ САНКЦИЙ ПРОТИВ РОССИИ, ЕСЛИ ЕК НЕ ВЫПОЛНИТ ДАННЫЕ ГАРАНТИИ ПО ЭНЕРГОБЕЗОПАСНОСТИ - ОРБАН",[],[],[],False
67881,2025-01-31 07:06:09+00:00,"#OKEY
**ГК ""О`Кей"" в IV кв. увеличила выручку на 5,3%, в целом за 2024г. - на 5,5%**
Ритейлер ГК ""О`Кей"" (O`Key Group) в IV квартале 2024 года увеличил чистую розничную выручку на 5,3%, до 61,5 млрд рублей, сообщила компания.

[OKEY](https://www.tinkoff.ru/invest/stocks/OKEY?utm_source=security_share) 33.35₽

👉[Полная новость](http://telegra.ph/GK-OKej-v-IV-kv-uvelichila-vyruchku-na-53-v-celom-za-2024g---na-55-01-31-2)

**Замечено Шпионом РЦБ.
Подключить:** @StockSpy_bot",[],[],[],False
67880,2025-01-31 06:37:11+00:00,"#AMEZ
""УРАЛ-ВК"" НАПРАВИЛ МИНОРИТАРИЯМ АШИНСКОГО МЕТЗАВОДА ТРЕБОВАНИЕ О ВЫКУПЕ АКЦИЙ ПО ЦЕНЕ 71 РУБ. ЗА БУМАГУ - СУЩФАКТ


[AMEZ](https://www.tinkoff.ru/invest/stocks/AMEZ?utm_source=security_share) 74.05₽

**Замечено Шпионом РЦБ.
Подключить:** @StockSpy_bot",[],[],[],False
67879,2025-01-31 05:52:19+00:00,"#LKOH
**Премьер Болгарии сообщил о семи претендентах на покупку ЛУКОЙЛ Нефтохим Бургас** — РБК

Болгарии нет среди претендентов на покупку «ЛУКОЙЛ Нефтохим Бургас», уточнил Желязков. Покупку НПЗ обсуждали «КазМунайГаз» и венгерская MOL.

**Лукойл запросил около $2 млрд,** сообщил премьер. Ожидается, что переговорный процесс возобновится в начале февраля.",['LKOH'],['LKOH'],[],False
67878,2025-01-30 16:51:53+00:00,"#Политика
🇺🇸 Трамп заявил, что США уже ""в контакте"" с Россией по поводу погибших в авиакатастрофе над Вашингтоном — РИА",[],[],[],False
67877,2025-01-30 16:12:22+00:00,"#APRI
**АПРИ намерен весной определиться с размером дивидендов за 2024г, будет учитывать ситуацию с ключевой ставкой**
Девелопер ""АПРИ"" намерен учитывать динамику ключевой ставки ЦБ РФ при определении размера дивидендов по итогам 2024 года, сообщил председатель совета директоров ""АПРИ"" Алексей Овакимян в эфире телеграм-канала ""Газпромбанк Инвестиции"" в четверг.

[APRI](https://www.tinkoff.ru/invest/stocks/APRI?utm_source=security_share) 13.664₽

👉[Полная новость](http://telegra.ph/APRI-nameren-vesnoj-opredelitsya-s-razmerom-dividendov-za-2024g-budet-uchityvat-situaciyu-s-klyuchevoj-stavkoj-01-30-3)

**Замечено Шпионом РЦБ.
Подключить:** @StockSpy_bot",[],[],[],False
67876,2025-01-30 15:39:04+00:00,"#GAZP
Эксперты фиксируют переток капитала из акций американских техов в газовый сектор РФ",[],[],[],True
67875,2025-01-30 15:33:48+00:00,"#DIAS [Диасофт](https://www.tinkoff.ru/invest/stocks/DIAS?utm_source=security_share)
💰 **Проведение заседания СД и его повестка дня**

Текущая цена: 4406.0 ₽

2.2. Дата проведения заседания совета директоров (наблюдательного совета) эмитента: «03» февраля 2025 г.;

2.3. Повестка совета директоров эмитента:
1.  О рекомендации по размеру **дивиденда** по акциям Общества по результатам прошлых лет и порядку его выплаты.
2.  О созыве внеочередного общего собрания акционеров ПАО «Диасофт».
3.  О голосовании по вопросу повестки дня общего собрания участников ООО «Диасофт».
4.  О голосовании по вопросу повестки дня общего собрания участников ООО «Диасофт Экосистема».
5.  О голосовании по вопросу повестки дня общего собрания участников ООО «Диасофт Дата Менеджмент».
6.  О голосовании по вопросу повестки дня общего собрания участников ООО «Диасофт Инновации».
7.  О голосовании по вопросу повестки дня общего собрания участников ООО «Диасофт АСП».

👉 [Полный текст сообщения](https://www.e-disclosure.ru/portal/event.aspx?EventId=qlx3oeCUpkSHib-AB42fXsg-B-B)

**Замечено  Шпионом РЦБ.**
**Подключить:** @StockSpy_bot",['AFKS'],[],['AFKS'],False
67874,2025-01-30 15:15:35+00:00,"⬆️ **#GAZP**** 150.0M₽ +0.10%**

🔷 **Аномальный объем **
[**Газпром**](https://www.tinkoff.ru/invest/stocks/GAZP?utm_source=security_share)

Объём: 150.0M₽ (107130 лотов)
Покупка: 84% Продажа: 16%
Цена: 140.02₽

Изменение цены:
    на объеме: +0.10%
    за сегодня: +2.17%

Время: 2025-01-30 18:15:15
**Замечено Шпионом РЦБ.**
**Подключить: ****@StockSpy_bot**",[],[],[],False
67873,2025-01-30 14:08:30+00:00,"#Политика 
Президент Панамы Мулино исключил обсуждение вопроса контроля над Панамским каналом на встрече с госсекретарем США Рубио в эти выходные — пресс-конференция",[],[],[],False
67872,2025-01-30 13:40:40+00:00,"#NVTK
**Ямал СПГ подключил новый газовоз для перевалки СПГ в Мурманске — LSEG** 

Завод Ямал СПГ, принадлежащий российскому Новатэку , пополнил танкерный флот еще одним газовозом для перевалки сжиженного природного газа в Мурманской области по схеме борт-в-борт, следует из данных LSEG.

СПГ-танкер North Moon сейчас находится около острова Кильдин, где СПГ с Ямала перегружается с танкеров усиленного ледового класса Arc7. Это уже четвертый новый танкер, который используется для перевалки в Мурманске ямальского газа в преддверии вступления ограничений на перегрузку в европейских портах СПГ из России для продажи в третьих странах. Запрет начнет действовать в конце марта 2025 года.",['NVTK'],['NVTK'],[],False
67871,2025-01-30 13:40:08+00:00,"ВВП США В IV КВАРТАЛЕ ВЫРОС НА 2,3%, ОЖИДАЛОСЬ 2,6%


**Замечено Шпионом РЦБ.
Подключить:** @StockSpy_bot",[],[],[],False
67869,2025-01-30 11:28:34+00:00,"#GAZP #Прогноз
🔮 Газпромбанк считает, что рынок недооценивает акции Газпрома

Таргет: 175 руб (+26%). Рекомендация Покупать",[],[],[],True
67868,2025-01-30 11:21:45+00:00,"#Газ
Цены на газ в Европе превысили $550 за тысячу кубов",[],[],[],True
67867,2025-01-30 11:16:11+00:00,"#GAZP
**Вице-премьер Новак о газовом рынке**

• Амурский ГПЗ выйдет на полную мощность в 2025 году.
**• Поставки в Китай по Силе Сибири в 2024 году превысили контрактные обязательства.**
• Газификация РФ на конец 2024 года достигла 74.7% (годом ранее — 73.8%).
• Добыча газа выросла на 7.6%, до 685 млрд куб. м.
• Восстановление добычи связано с ростом внутреннего спроса, развитием нефтегазохимии и увеличением экспорта.",[],[],[],False
67866,2025-01-30 11:12:34+00:00,"#SVAV [СОЛЛЕРС](https://www.tinkoff.ru/invest/stocks/SVAV?utm_source=security_share)
💰 **Решения СД**

Текущая цена: 796.5 ₽

Содержание решений, принятых СД эмитента: 
1. Предоставить согласие на совершение сделки с заинтересованностью.
2. Предоставить согласие на совершение сделки с заинтересованностью.
3. Предоставить согласие на совершение сделок с заинтересованностью.
4. В соответствии с п. 3.3 Положения о дивидендной политике ПАО ""СОЛЛЕРС"" утвердить пороговое значение коэффициента ""чистый долг / EBITDA"", рассчитанного по консолидированной отчетности по МСФО, равным 1,5 (одна целая пять десяты

👉 [Полный текст сообщения](https://www.e-disclosure.ru/portal/event.aspx?EventId=5r9NPi9Vi0aHZ89zxfTamg-B-B)

**Замечено  Шпионом РЦБ.**
**Подключить:** @StockSpy_bot",[],[],[],False
67865,2025-01-30 11:01:30+00:00,"#TRNFP #Дивиденды
⚡️ **Вопрос снижения дивидендов «Транснефти» с 50% до 25% от прибыли из-за роста налога не рассматривался** — Минфин",[],[],[],False
67864,2025-01-30 10:59:24+00:00,Новые часы от Трампа. Купили бы?,[],[],[],True
67863,2025-01-30 09:49:42+00:00,"#Политика
**🇺🇦**** День боевых действий в 2024 году обходился Украине в $142 млн** — BBC

Всего иностранные партнеры за 3 года финансировали в Украину $115 млрд 

Для сравнения, ВВП страны в 2023 году — около $145 млрд",[],[],[],True
67862,2025-01-30 09:17:18+00:00,"#Авто
⚡️**Продажи гибридов в России выросли почти в 3 раза в 2024 году**

Рынок гибридных автомобилей показал рекордный рост: за год продано 62,85 тыс. штук. Это подключаемые автомобили, которые можно и нужно заряжать на ЭЗС.

Ранее Сигналы РЦБ: Hyper планирует увеличить количество ЭЗС до 1200 к 2027 году. 
https://t.me/cbrstocks/67814",[],[],[],False
67861,2025-01-30 09:14:40+00:00,"В то же время некоторые источники сообщают, что звонок может пройти в конце февраля 

https://t.me/finpizdec/24143",[],[],[],True
67860,2025-01-30 09:13:43+00:00,"#Политика
🇺🇸🇷🇺 Планов по контактам Путина с Трампом пока нет — пресс-секретарь президента РФ Песков",[],[],[],False
67859,2025-01-30 09:07:23+00:00,"#ЦБРФ
В декабре произошло ожидаемое охлаждение корпоративного и потребительского кредитования — ЦБ РФ",[],[],[],False
67858,2025-01-30 09:04:18+00:00,"#Банки 
🏦** Финансовый сектор РФ по итогам 2024 года — данные ЦБ:**

**• Банковская прибыль:** рекордные ₽3.8 трлн (+15% г/г).
• Средства юрлиц: +2.1% в декабре благодаря бюджетным поступлениям.
• Средства населения: +7.2% за месяц за счет соцвыплат и бонусов.
• **Корпоративное кредитование**: -0.2% в декабре на фоне валютных погашений.
• **Ипотека**: рост замедлился до 13.4% (в 2023 г. было 34.5%), объем выдач ₽4.9 трлн (-40% г/г).
**• Потребкредиты**: рост 11.2% (в 2023 г. — 15.7%).
**• Автокредиты:** +51.7% после +41.6% годом ранее.",[],[],[],False
67857,2025-01-30 09:01:37+00:00,"БАНКИ РФ В 2024 ГОДУ ВНОВЬ ПОБИЛИ РЕКОРД ПО ПРИБЫЛИ, ЗАРАБОТАВ 3,8 ТРЛН РУБ. ПРОТИВ 3,3 ТРЛН РУБ. ГОДОМ РАНЕЕ - ЦБ


**Замечено Шпионом РЦБ.
Подключить:** @StockSpy_bot",[],[],[],False
67852,2025-01-30 08:56:54+00:00,"#Электрокары #KMAZ
**Атом планирует выйти в серию в 2025 году**
**
**Показаны предсерийные прототипы российского электрокара Атом. Они уже проходят калибровку и тестируются в реальных условиях. Серийное производство планируется запустить в 2025 году.

Электромобили выходят на массовый рынок, и спрос на зарядную инфраструктуру продолжает расти. Единственная на бирже компания в этом секторе сейчас — Hyper.",[],[],[],True
67851,2025-01-30 08:46:24+00:00,"#VKCO
**АКРА понизило кредитный рейтинг МКПАО ВК до уровня A(Ru), изменив прогноз на «развивающийся»**

Понижение кредитного рейтинга компании преимущественно обусловлено снижением оценки обслуживания долга.",[],[],[],False
67850,2025-01-30 08:21:03+00:00,"#Макро
📊 Ставка и инфляция в мире",[],[],[],True
67849,2025-01-30 08:02:24+00:00,"⬆️ **#T**** 197.3M₽ +0.24%**

🔷 **Аномальный объем **
[**Т-Технологии**](https://www.tinkoff.ru/invest/stocks/T?utm_source=security_share)

Объём: 197.3M₽ (64750 лотов)
Покупка: 97% Продажа: 3%
Цена: 3046.6₽

Изменение цены:
    на объеме: +0.24%
    за сегодня: +0.87%

Время: 2025-01-30 11:01:52
**Замечено Шпионом РЦБ.**
**Подключить: ****@StockSpy_bot**",[],[],[],False
67848,2025-01-30 07:56:44+00:00,#X5 — исторический максимум,[],[],[],True
67847,2025-01-30 07:31:54+00:00,"#Нефтянка
Нефть Brent ниже $76",[],[],[],True
67846,2025-01-30 07:08:28+00:00,"#Недвижимость #Прогноз
**🔮**** Сбербанк CIB обновил целевые цены по акциям девелоперов**

🏠 ГК ПИК — 600 руб (сейчас 705), рекомендация ПРОДАВАТЬ

🏠 ЛСР — 880 руб (сейчас 858), рекомендация ДЕРЖАТЬ

🏠 Эталон — 75 руб (сейчас 68.7), рекомендация ДЕРЖАТЬ

🏠 Самолет — 1500 (сейчас 1307), рекомендация ДЕРЖАТЬ

#PIKK #LSRG #ETLN #SMLT",[],[],[],False
67845,2025-01-30 06:51:52+00:00,"**#Политика****
Керимов владел долей в SpaceX через траст** — Bloomberg

Сенатор от Дагестана Сулейман Керимов владел долей в американской компании SpaceX Илона Маска через трастовый фонд Heritage Trust в штате Делавэр.",[],[],[],False
67844,2025-01-30 06:23:01+00:00,"#Политика #Газ
**Европейские чиновники обсуждают, стоит ли возобновить закупки российского трубопроводного газа в рамках возможного соглашения по Украине** — Financial Times

Сторонники этого шага утверждают, что мера приведет к снижению высоких цен на энергоносители в Европе, побудит Москву сесть за стол переговоров и даст России и Украине основание для введения и поддержания режима прекращения огня.

Однако идея возобновления поставок российского газа в Европу, даже на этапе предварительных обсуждений, уже вызвала негативную реакцию среди ближайших союзников Украины в ЕС.",[],[],[],False
67843,2025-01-30 06:10:32+00:00,"**#RUAL**** ****#Санкции****
ЕС почти согласовал поэтапный отказ от российского алюминия** — Ведомости

Русал может потерять в выручке при переориентации на азиатские рынки, предупреждают аналитики.",['RUAL'],['RUAL'],[],False
67842,2025-01-30 05:42:12+00:00,"#Удобрения
**Экспорт удобрений из России за год вырос на 13%**, до 42 млн т — Ведомости

Его поддерживает умеренный рост мировых цен на фоне низкой себестоимости производства. 

Выросли поставки за рубеж калийных удобрений. Их экспорт увеличился на 31% до 13,3 млн т. На 2-м месте по темпам роста оказалось основное удобрение азотной группы – карбамид. За год поставки выросли на 4% до 9,7 млн т. Экспорт аммиачной селитры снизился на 5% до 3,4 млн т, поставки фосфорных удобрений – на 3% до 4,8 млн т.",['PHOR'],[],['PHOR'],False
67841,2025-01-29 16:09:02+00:00,#Макро,[],[],[],True
67840,2025-01-29 16:00:42+00:00,"ГОДОВАЯ ИНФЛЯЦИЯ В РФ НА 27 ЯНВАРЯ УСКОРИЛАСЬ ДО 10,14% С 10,04% НА 20 ЯНВАРЯ, СЛЕДУЕТ ИЗ ДАННЫХ РОССТАТА


**Замечено Шпионом РЦБ.
Подключить:** @StockSpy_bot",[],[],[],False
67839,2025-01-29 16:00:25+00:00,"#Макро
**⚡️**** Недельная инфляция в РФ по 27 января — 0.22%** (пред. неделя 0.25%)",[],[],[],False
67838,2025-01-29 15:57:33+00:00,"#OZPH
**Мосбиржа переводит акции Озон Фармацевтики из первого во второй уровень листинга**",[],[],[],False
67837,2025-01-29 14:40:51+00:00,"ЦБ РФ С 30 ЯНВАРЯ ПОВЫСИЛ ОФИЦИАЛЬНЫЙ КУРС ДОЛЛАРА США НА 4,68 КОП., ДО 98,0126 РУБ.


**Замечено Шпионом РЦБ.
Подключить:** @StockSpy_bot",[],[],[],False
67836,2025-01-29 11:43:43+00:00,"#Политика
🇺🇸🇵🇦 ** Двухпартийная группа американских сенаторов во вторник выразила обеспокоенность влиянием Китая на Панамский канал** — [Reuters](https://www.reuters.com/world/senators-raise-concern-about-chinese-influence-panama-canal-operations-2025-01-29/)

В США провели слушания по поводу влияния Китая на Панамский канал, вернуть который ранее пообещал Дональд Трамп.

В ходе заседания было отмечено, что китайские компании контролируют контейнерные порты на обоих концах канала и строят мост, который позволяет им перекрыть проход без предупреждения. Сенаторы подчеркнули, что это создает острые риски для национальной безопасности США, поскольку через канал проходит более 40% американских контейнерных перевозок.

Вашингтон продолжит следить за ситуацией, а сенаторы планируют посетить Панаму позже в этом году.

**Если будет установлено, что соглашение о нейтралитете, подписанное после передачи канала Панаме, нарушено, это может дать США основания применить силу для выполнения положений договора.**",[],[],[],False
67835,2025-01-29 11:40:55+00:00,"#ИИ
**OpenAI заявила, что имеет доказательства того, что DeepSeek использовала модель ChatGPT для обучения своей модели ИИ** — FT

Глава по ИИ в Белом доме поднимает вопрос о предполагаемой краже интеллектуальной собственности",[],[],[],False
67834,2025-01-29 08:50:02+00:00,"#SELG 
**Постановление суда, разрешающее следствию наложить арест на пакет акций Селигдара**, не вступило в силу и обжаловано — совладелец Русских фондов",[],[],[],False
67833,2025-01-29 07:34:33+00:00,"#SVCB
**Акционеры Совкомбанка одобрили увеличение уставного капитала банка на 182.22 млн руб. — до 2.25 млрд руб**",[],[],[],False
67832,2025-01-29 07:28:14+00:00,"#SELG
**Суд арестовал пакет акций холдинга Селигдар по делу против основателей Русских фондов **— [РБК](https://www.rbc.ru/business/29/01/2025/6797c5b59a794732dbceffe3)

В компании, входящей в топ-5 золотодобытчиков России, назвали решение незаконным и обжаловали его.

В ноябре 2024 года судья Дорогомиловского районного суда Москвы Юлия Рудакова постановила арестовать 58.2 млн (5.65%) обыкновенных именных акций (голосующий пакет) Селигдара.

Арестованный пакет принадлежит АО «Русские фонды». Целью наложения ареста следствие назвало «обеспечение гарантии исполнения приговора суда в части гражданского иска, других имущественных взысканий или возможной конфискации имущества», сообщил источник, знакомый с расследованием дела.",[],[],[],False
67831,2025-01-29 06:44:27+00:00,"#Нефтянка
🛢 **Крупнейшие российские нефтекомпании могут получить разрешение на зарубежные поставки бензина еще как минимум на месяц,** до конца февраля, что позволит производителям максимально загрузить НПЗ — Коммерсантъ

Аналитики не ждут существенного влияния на оптовую стоимость бензина, скорее, с продлением экспорта нефтепродуктов правительство сможет частично компенсировать потери компаний от последних санкций США.",[],[],[],False
67830,2025-01-29 06:33:12+00:00,"#AQUA
**""Инарктика"" в 2024г увеличила выручку на 10,5%, до 31,5 млрд руб., продажи снизила на 8,9%, до 25,7 тыс. т**
Компания ""Инарктика"" , ведущий производитель атлантического лосося и форели в РФ, в 2024 году увеличила выручку на 10,5%, до 31,5 млрд рублей, сообщается в пресс-релизе.

[AQUA](https://www.tinkoff.ru/invest/stocks/AQUA?utm_source=security_share) 643.5₽

👉[Полная новость](http://telegra.ph/Inarktika-v-2024g-uvelichila-vyruchku-na-105-do-315-mlrd-rub-prodazhi-snizila-na-89-do-257-tys-t-01-29)

**Замечено Шпионом РЦБ.
Подключить:** @StockSpy_bot",[],[],[],False
67829,2025-01-29 06:15:45+00:00,"#Политика #Санкции
**Politico сообщает, что сегодня будет введен 16-й пакет санкций**

Ожидается, что полный запрет на и импорт СПГ в ЕС введён не будет. 

ЕС пропишет поэтапный запрет на импорт алюминия из РФ, отключения от SWIFT около 15 банков и введение ограничений на 70 танкеров теневого флота.",['NVTK'],[],['NVTK'],False
67828,2025-01-29 06:08:35+00:00,"#Политика
🇺🇸 Госсекретарь США Марко Рубио и глава европейской дипломатии Кая Каллас по итогам телефонного разговора согласились с необходимостью «сохранить максимальное давление» на Россию — Bloomberg

Официально госдепартамент США сообщил, что господин Рубио приветствовал продление европейских санкций в отношении России.",[],[],[],False
67827,2025-01-28 15:53:14+00:00,"#RUAL
**Покупка доли в китайском производителе не помогла ""Русалу"" ограничить рост себестоимости - глава Алюминиевой ассоциации**
""Русал"" сталкивается с ростом себестоимости, несмотря на покупку доли в китайском производителе глинозема, заявила председатель Алюминиевой ассоциации (объединения компаний, производящих алюминий и продукцию на его основе) Ирина Казовская на слушаниях в Совете Федерации, посвященных мерам господдержки предприятий металлургии и машиностроения для предотвращения кризиса.

[RUAL](https://www.tinkoff.ru/invest/stocks/RUAL?utm_source=security_share) 36.21₽

👉[Полная новость](http://telegra.ph/Pokupka-doli-v-kitajskom-proizvoditele-ne-pomogla-Rusalu-ogranichit-rost-sebestoimosti---glava-Alyuminievoj-associacii-01-28-3)

**Замечено Шпионом РЦБ.
Подключить:** @StockSpy_bot",['RUAL'],['RUAL'],[],False
67826,2025-01-28 15:48:44+00:00,"#BTC #Adoption
**⚡️**** Сенатор Синтия Ламмис делится планом по стратегическому BTC-резерву: **

• Покупать по 200 000 BTC** **в год на протяжении 5 лет 
• Держать и не продавать купленные BTC минимум 20 лет 

Это поможет сократить госдолг США в 2 раза через 20 лет",[],[],[],False
67825,2025-01-28 13:14:52+00:00,"АКЦИИ ""ГАЗПРОМА"" ВЫРОСЛИ НА 3,3% НА НОВОСТИ О ТОМ, ЧТО NORD STREAM 2 AG ПОЛУЧИЛ РАЗРЕШЕНИЕ НА РАБОТЫ ПО СОХРАНЕНИЮ ПОВРЕЖДЕННОГО ГАЗОПРОВОДА

Даже странно, что это не было сделано раньше. Банально с точки зрения природоохраны. Зачем на этом расти на 3%...",[],[],[],False
67824,2025-01-28 13:07:55+00:00,"#GAZP
**Nord Stream 2 AG получила от Дании разрешение на работы по сохранению повреждённого газопровода** — Интерфакс

**Речь идет об установке специально изготовленных заглушек на открытых концах трубы для предотвращения поступления внутрь соленой морской воды и выхода в атмосферу газа.**

По оценке регулятора, работы могут быть проведены во втором или третьем квартале 2025 года и, как ожидается, продлится 2-3 недели.

Морской газопровод ""Северный поток 2"" мощностью 55 млрд куб. м газа в год проходит от компрессорной станции ""Славянская"" в Кингисеппском районе Ленинградской области России до балтийского побережья Германии. Власти ФРГ остановили процесс сертификации магистрали, а США внесли проектную компанию Nord Stream 2 AG в санкционный список.

Обе нитки трубопровода были заполнены газом и подготовлены к работе. Одна из них получила повреждения в результате мощных взрывов в сентябре 2022 года.",[],[],[],False
67823,2025-01-28 12:57:51+00:00,"#MOEX
МОСБИРЖА МОЖЕТ ЗАПУСТИТЬ ТОРГИ ПО ВЫХОДНЫМ В КОНЦЕ ВТОРОГО КВАРТАЛА 2025Г - УПРАВЛЯЮЩИЙ ДИРЕКТОР


[MOEX](https://www.tinkoff.ru/invest/stocks/MOEX?utm_source=security_share) 207.62₽

**Замечено Шпионом РЦБ.
Подключить:** @StockSpy_bot",[],[],[],False
67822,2025-01-28 12:55:14+00:00,"NORD STREAM 2 AG ПОЛУЧИЛ РАЗРЕШЕНИЕ НА РАБОТЫ ПО СОХРАНЕНИЮ ПОВРЕЖДЁННОГО ГАЗОПРОВОДА - ДАТСКОЕ ЭНЕРГЕТИЧЕСКОЕ АГЕНТСТВО


**Замечено Шпионом РЦБ.
Подключить:** @StockSpy_bot",[],[],[],False
67821,2025-01-28 11:37:03+00:00,"#CIAN 
С 29 января Мосбиржа запрещает шорты по** **АДР ЦИАН",[],[],[],False
67820,2025-01-28 11:02:32+00:00,"#SPBE
**СПБ Биржа с 1 февраля **[**начинает**](https://spbexchange.ru/ru/about/news.aspx?bid=25&news=49869)** биржевые торги в субботу и воскресенье**",[],[],[],True
67819,2025-01-28 11:00:53+00:00,"#Удобрения
Замглавы Минпромторга отметил рекордные объемы производства минеральных удобрений – в прошлом году было произведено 63 миллиона тонн.",['PHOR'],[],['PHOR'],False
67818,2025-01-28 10:59:45+00:00,"#Металлурги
**Минпромторг прорабатывает план поддержки металлургической промышленности России**, сообщил заместитель министра Михаил Юрин — ПРАЙМ",[],[],[],False
67817,2025-01-28 09:58:53+00:00,"#VSMO
**""ВСМПО-Ависма"" в 2025г вложит в капремонт более 420 млн рублей**
ПАО ""Корпорация ""ВСМПО-Ависма"" в 2025 году планирует вложить в капитальный ремонт производственных, бытовых и инфраструктурных объектов более 420 млн рублей, сообщается в материалах на сайте предприятия.

[VSMO](https://www.tinkoff.ru/invest/stocks/VSMO?utm_source=security_share) 27420.0₽

👉[Полная новость](http://telegra.ph/VSMPO-Avisma-v-2025g-vlozhit-v-kapremont-bolee-420-mln-rublej-01-28)

**Замечено Шпионом РЦБ.
Подключить:** @StockSpy_bot",[],[],[],False
67816,2025-01-28 09:27:23+00:00,"#Нефтянка
**🇨🇳****🇮🇳**** Китай и Индия приостановили закупку российской нефти с поставкой в марте** на фоне роста затрат на фрахт танкеров, не затронутых санкциями США — Reuters со ссылкой на трейдеров

По их словам, премия российской сырой нефти ESPO выросла на $3-$5 за баррель по сравнению с маркой ICE Brent, в то время как ставки фрахта для танкера типа «Афрамакс» по маршруту в Китай увеличились «на несколько миллионов долларов».",[],[],[],False
67815,2025-01-28 09:22:20+00:00,"#Газ #Политика
Россия заинтересована в поставках газа в Венгрию и Словакию в случае возобновления транзита через Украину — пресс-секретарь президента РФ Песков",[],[],[],False
67814,2025-01-28 09:14:27+00:00,"#HYPR**
СЕО Hyper, Алесей Тихонов, на встрече с инвесторами заявил**:

— К 2027 году количество зарядных станций планируется увеличить до 1200. Сейчас в компании 130 ЭЗС, к 2025-2026 году планируется рост до 550.

— Компания выходит в 5 новых регионов в 2025 году.

— Выход в самый «жирный» регион — Москву планируется в 1 квартале 2025 года. Приказом Дептранса Hyper выделены 64 локации в городе, 8 из них — в высокой степени готовности к запуску.",[],[],[],False
67813,2025-01-28 09:12:13+00:00,"#HNFG
**LfL-продажи Henderson в 2024 году выросли на 12,9%**
ООО ""Тами и Ко"", операционная компания группы ПАО ""Хэндерсон Фэшн Групп"" (ритейлер Henderson ), по итогам 2024 года увеличила LfL-выручку на 12,9%, говорится в сообщении компании.

[HNFG](https://www.tinkoff.ru/invest/stocks/HNFG?utm_source=security_share) 685.9₽

👉[Полная новость](http://telegra.ph/LfL-prodazhi-Henderson-v-2024-godu-vyrosli-na-129-01-28-2)

**Замечено Шпионом РЦБ.
Подключить:** @StockSpy_bot",[],[],[],False
67811,2025-01-28 09:01:40+00:00,"⚡️⚡️⚡️ Новатэк ВСЕ!

**Мишустин распорядился исключить ""Прорыв на рынки СПГ"" из перечня инициатив социально-экономического развития РФ до 2030 года**

Пруфы: 
http://publication.pravo.gov.ru/document/0001202501230020
http://static.government.ru/media/files/jwsYsyJKWGQQAaCSMGrd7q82RQ5xECo3.pdf

__За инфу спс Фрукт 🤝__",['NVTK'],[],['NVTK'],True
67810,2025-01-28 08:41:31+00:00,"#SMLT #Бонды 
**Самолет установила ориентиры цен приобретения облигаций по четырем выпускам бондов в рамках оферты объемом до 10 млрд рублей** — Интерфакс

**Ориентир цены выкупа**
БО-П12 — 92.56% номинала
БО-П13 — 86.52%
БО-П14 — 84.25%
БО-П15 — 86.90%

**Количество приобретаемых бумаг**
БО-П12 — 15 млн шт.
БО-П13 — 24.5 млн
БО-П14 — до 20 млн
БО-П15 — до 5 млн

Держатели облигаций могут направить оферту в адрес компании с указанием цены и объема облигаций на продажу в период с 28 января по 3 февраля 2025 года включительно. Дата приобретения бумаг – 5 февраля. 

В срок до 4 февраля 2025 года Самолет планирует определить цену выкупа на основании анализа условий заявок.",[],[],[],False
67809,2025-01-28 08:28:50+00:00,"#Газ 
**В Германии растет спрос на российский СПГ через европейские порты **— FT

Германия по-прежнему закупает значительные объёмы российского сжиженного природного газа через другие страны ЕС, несмотря на то, что Берлин отказался от прямых поставок российского топлива.

Согласно отчёту бельгийских, немецких и украинских неправительственных организаций, в прошлом году немецкая национальная энергетическая компания Sefe закупила 58 партий российского СПГ через французский порт Дюнкерк —** более чем в шесть раз больше, чем в 2023 году**.",['NVTK'],[],['NVTK'],False
67808,2025-01-28 08:20:10+00:00,https://t.me/cbrstocks/67805,[],[],[],True
67807,2025-01-28 06:56:33+00:00,"#WUSH #Отчетность
**🖨 Whoosh: операционные результаты 12мес2024**

• Количество поездок — 149.7 млн (+44% г/г)

• Зарегистрированные аккаунты — 27.6 млн (+35% г/г) 

• Среднее число поездок на активного пользователя — 20 (+39% г/г)",[],[],[],False
67806,2025-01-28 06:54:25+00:00,"#WUSH [ВУШ Холдинг](https://www.tinkoff.ru/invest/stocks/WUSH?utm_source=security_share)
📣 **Существенное событие**

2.1. краткое описание события, наступление которого, по мнению эмитента, оказывает влияние на стоимость или котировки его ценных бумаг:
ПАО «ВУШ Холдинг» объявляет операционные показатели группы Whoosh за 12 месяцев 2024 года:
 - Количество поездок за этот период составило 149,7 млн, показав рост на 44% по сравнению с аналогичным периодом 2023 года;

👉 [Полный текст сообщения](https://www.e-disclosure.ru/portal/event.aspx?EventId=cYYorjVaxkyWBIdCPHl3ZQ-B-B)

**Замечено  Шпионом РЦБ.**
**Подключить:** @StockSpy_bot",[],[],[],False
67805,2025-01-28 06:35:42+00:00,"#MOEX
Брокеры, биржа и ЦБ обсуждают возможность запуска биржевых торгов в выходные дни — Коммерсантъ",[],[],[],False
67804,2025-01-28 06:10:40+00:00,"#Политика
🇺🇸 **США введут пошлины на импорт полупроводников и стали — Коммерсантъ**

Президент США Дональд Трамп заявил, что страна введет пошлины на импорт полупроводников и фармацевтической продукции. По его словам, также США могут установить тарифы на сталь и некоторые другие товары.

Трамп подчеркнул, что производители «покинули США и перебрались на Тайвань», где, по его словам, сосредоточено около 98% полупроводников. «Мы хотим, чтобы они вернулись»,— добавил президент США.",[],[],[],False
67803,2025-01-27 19:59:52+00:00,"Вряд ли ПСБ переплатит
Мб вообще расчеты через долг или что-то подобное
А Гуцериев скинет реально тяжелый актив с долгом и непонятной стратегией в текущих условиях

Дернули бумагу вверх в надежде на выкуп
Средняя за 6 месяцев 100 рублей…
Бумага 110 
Можно так купить лося в 10% 😂

Даунсайд в лучшем случае 10%",[],[],[],False
67802,2025-01-27 19:51:37+00:00,все из-за DeepSeek как я понимаю),[],[],[],False
67801,2025-01-27 19:48:04+00:00,"Владельцы «М.Видео-Эльдорадо» ведут переговоры о продаже торговой сети https://vedomosti.ru/business/articles/2025/01/27/1088631-mvideo-eldorado-prodazhe-biznesa
Уффф",['MVID'],[],['MVID'],True
67800,2025-01-27 19:31:05+00:00,"#NVDA
DeepSeek — отличное развитие искуственного интеллекта — Nvidia",[],[],[],False
67798,2025-01-27 19:17:46+00:00,"#ИИ
Динамика американских акций, связанных с ИИ",[],[],[],True
67797,2025-01-27 18:45:12+00:00,"#GAZP #Политика
❗️Поставки российского газа в Европу нельзя возобновлять, даже когда Москва и Киев достигнут мирного соглашения, **газопроводы «Северный поток» и «Северный поток-2» должны быть демонтированы**, об этом заявил президент Польши Анджей Дуда в интервью Би-би-си.",[],[],[],False
67796,2025-01-27 18:39:54+00:00,"#T
Т-Инвестиции запустили ночные торги по выходным самыми ликвидными акциями

Теперь в субботу и воскресенье можно торговать с 2:00 мск.",[],[],[],False
67794,2025-01-27 17:37:31+00:00,Китайский ИИ атакует даже цены на комоды 😂,[],[],[],True
67793,2025-01-27 17:35:38+00:00,🇺🇸📉,[],[],[],True
67792,2025-01-27 17:31:53+00:00,"#NVDA 
Капитализация Nvidia за день упала примерно на $600 млрд 

Для сравнения, капитализация всего фондового рынка РФ около $540 млрд",[],[],[],True
67791,2025-01-27 16:00:12+00:00,"#ИИ
Регистрация в DeepSeek теперь доступна только через номер телефона материкового Китая — компания",[],[],[],False
67790,2025-01-27 15:38:19+00:00,"Китай может и обогнал США в сфере ИИ, но в мем-коинах мы все еще первые — Питер Шифф",[],[],[],True
67789,2025-01-27 15:21:10+00:00,"#Политика
**Путин поговорил по телефону с президентом Бразилии**",[],[],[],False
67788,2025-01-27 14:02:19+00:00,"#Санкции
**Барбадос и Панама лишат своего флага более 100 танкеров российского «теневого флота**» — Bloomberg

К санкциям ведущих западных стран против России стали присоединяться небольшие, но влиятельные в мире морского судоходства государства. Судовой реестр Барбадоса сообщил, что до конца января потребует от 46 судов снять свой флаг. 

Морское управление Панамы также сообщило, что начало процесс исключения из судового реестра 68 судов. Такое решение было принято после того, как в конце прошлого года Панама приняла правило о следовании санкциям США, Евросоюза, Великобритании и ООН.",[],[],[],False
67787,2025-01-27 13:58:16+00:00,"#SIBN #SNGS #SNGSP
**Скидки на Urals с ввода последних санкций выросли на $1,5-2,6/барр., на ESPO - на $8,4/барр. - Argus**
Дисконты на нефть Urals FOB к эталонной котировке после введения 10 января последних американских санкций выросли на $1,5-2,6 за баррель - до $13,5-14,4 за баррель, а скидки на премиальный сорт нефти ESPO увеличились на $8,4/барр. - до $10/барр., следует из данных ценового агентства Argus, с которыми ознакомился ""Интерфакс"".

[SIBN](https://www.tinkoff.ru/invest/stocks/SIBN?utm_source=security_share) 612.6₽
[SNGS](https://www.tinkoff.ru/invest/stocks/SNGS?utm_source=security_share) 27.515₽
[SNGSP](https://www.tinkoff.ru/invest/stocks/SNGSP?utm_source=security_share) 57.525₽

👉[Полная новость](http://telegra.ph/Skidki-na-Urals-s-vvoda-poslednih-sankcij-vyrosli-na-15-26barr-na-ESPO---na-84barr---Argus-01-27-2)

**Замечено Шпионом РЦБ.
Подключить:** @StockSpy_bot","['SNGS', 'SIBN']","['SIBN', 'SNGS']",[],False
67786,2025-01-27 13:51:55+00:00,"#Политика #NVTK
**Еврокомиссия, вероятно, отложит на месяц публикацию дорожной карты по поэтапному отказу от поставок топлива из России, включая СПГ** — Bloomberg

Теперь публикация ожидается 26 марта.",['NVTK'],['NVTK'],[],False
67785,2025-01-27 13:44:33+00:00,"#Политика
🇭🇺 Венгрия не стала накладывать вето на продление санкций против РФ —  Сийярто",[],[],[],False
67784,2025-01-27 13:25:05+00:00,"#Политика
**Польша предложила ввести 16-й пакет санкций против РФ**, но Венгрия выступит против ограничений в энергетике — заявил министр иностранных дел Венгрии Сийярто.",[],[],[],False
67783,2025-01-27 13:15:48+00:00,Самая длинная мемная ОФЗ падает сегодня более чем на 4%,[],[],[],True
67782,2025-01-27 13:07:26+00:00,"#Политика
Телефонный разговор Путина и Трампа не запланирован, договоренностей нет — замглавы МИД РФ Рябков

👉 Контакты РФ с новой администрацией США пока не начались.",[],[],[],False
67781,2025-01-27 12:57:26+00:00,"#Политика
**Администрация Трампа предпочитает общаться с главами европейских стран, а не с представителями ЕС **— Politico

Так, Трамп провел разговор с премьером Дании. А Рубио — более чем с дюжиной глав МИД, включая министров иностранных дел Польши, Латвии, Литвы, Италии. При этом не проведя ни одного разговора с представителем Евросоюза.

Это радикальное изменение по сравнению с дружественными отношениями, которые президент Европейской комиссии Урсула фон дер Ляйен и другие ведущие представители ЕС имели с администрацией Джо Байдена.",[],[],[],False
67780,2025-01-27 11:06:27+00:00,"#Политика
**Главы МИД стран ЕС договорились продлить санкции против РФ **— Reuters со ссылкой на дипломатов.",[],[],[],False
67779,2025-01-27 10:26:58+00:00,"#Политика #Газ
**Еврокомиссия продолжит переговоры с Украиной о транзите российского газа** — [Reuters](https://www.reuters.com/world/europe/eu-commission-says-it-will-continue-gas-supply-talks-with-ukraine-2025-01-27/)

В переговорный процесс будут вовлечены Венгрия со Словакией.",[],[],[],False
67778,2025-01-27 10:07:04+00:00,"**👁**** Шпион РЦБ — чтобы видеть больше и просчитывать лучшие ходы на бирже**

[Шпион РЦБ](https://t.me/stockspy_bot) — это:
**• уникальные индикаторы рынка**, которые могут стать основой вашей торговой стратегии
• **быстрые новости **и раскрытие корпоративной информации, чтобы быстрее реагировать на важные события
**• отслеживание идей в закрытых каналах**, чтобы понимать настроение лидеров мнений и их подписчиков
**• готовая аналитика** на основе данных Шпиона и технического анализа с** целевой доходностью +4% к портфелю в месяц, или 48% в год** (5 из 6 месяцев план был выполнен или перевыполнен).
**• комьюнити трейдеров и аналитиков**, где можно поделиться идеей, спросить совет, задать вопрос команде Шпиона и первым узнать об обновлениях. 

[👉 Подробнее о функциях Шпиона ](https://dzen.ru/a/Z4T3vjatYHRrNAs6)

[👉 ПОДКЛЮЧИТЬ ШПИОНА РЦБ](https://t.me/stockspy_bot)",[],[],[],True
67777,2025-01-27 10:01:47+00:00,"#GMKN
НОРНИКЕЛЬ В IV КВАРТАЛЕ 2024Г ВЫПУСТИЛ 59 ТЫС. Т НИКЕЛЯ ПРОТИВ 63 ТЫС. Т ГОДОМ РАНЕЕ - КОМПАНИЯ


[GMKN](https://www.tinkoff.ru/invest/stocks/GMKN?utm_source=security_share) 123.12₽

**Замечено Шпионом РЦБ.
Подключить:** @StockSpy_bot",['GMKN'],['GMKN'],[],False
67776,2025-01-27 10:01:41+00:00,"#GMKN
НОРНИКЕЛЬ В IV КВ. УВЕЛИЧИЛ ПРОИЗВОДСТВО ПАЛЛАДИЯ НА 11% Г/Г, ДО 606 ТЫС. УНЦИЙ - КОМПАНИЯ


[GMKN](https://www.tinkoff.ru/invest/stocks/GMKN?utm_source=security_share) 123.14₽

**Замечено Шпионом РЦБ.
Подключить:** @StockSpy_bot",['GMKN'],['GMKN'],[],False
67774,2025-01-27 09:40:48+00:00,"#ИИ
Китайский ИИ-стартап DeepSeek обогнал ChatGPT в американском App Store — Reuters",[],[],[],False
67772,2025-01-27 09:19:54+00:00,"#UNAC **
СД ОАК принял решение о допэмиссии по закрытой подписке**",[],[],[],False
67771,2025-01-27 08:27:50+00:00,"#Политика
🇺🇦 Украина может перестать существовать, если до лета не состоятся серьезные переговоры, заявил глава ГУР Украины Буданов — [РБК](https://www.rbc.ru/politics/27/01/2025/67972bdb9a79474aaad7baaf)",[],[],[],False
67770,2025-01-27 08:19:29+00:00,"#Политика
Версии в СМИ о якобы планируемых переговорах Путина и Трампа в Турции являются слухами, заявил РИА Новости источник в администрации турецкого лидера",[],[],[],False
67769,2025-01-27 08:16:04+00:00,"#Санкции
**🇪🇺**** Санкции ЕС против России будут продлены **— глава МИД Франции",[],[],[],False
67768,2025-01-27 08:11:14+00:00,"#CHMF #Металлурги
**Потребление стали в РФ в 2024 г. сократилось на 5.7% — СЕО Северстали**

Потребление стали в России в 2024 году сократилось на 5.7%, до 43.7 млн тонн, что существенно ниже производственных возможностей российских металлургов, которые оцениваются примерно в 70 млн тонн в год.",[],[],[],True
67767,2025-01-27 07:39:02+00:00,"#CIAN
**ЦБ РФ принял решение о регистрации проспекта акций ""Циан"" для получения публичного статуса**
Банк России принял решение о регистрации проспекта обыкновенных акций ""Циан"" для получения компанией публичного статуса. Решение принято 24 января, речь идет о проспекте акций МКПАО ""Циан Технолоджи Лтд"" (сокращенное наименование - ""Циан"" , пока оно действует в форме МКАО).

[CIAN](https://www.tinkoff.ru/invest/stocks/CIAN?utm_source=security_share) 583.8₽

👉[Полная новость](http://telegra.ph/CB-RF-prinyal-reshenie-o-registracii-prospekta-akcij-Cian-dlya-polucheniya-publichnogo-statusa-01-27-2)

**Замечено Шпионом РЦБ.
Подключить:** @StockSpy_bot",[],[],[],False
67766,2025-01-27 07:23:15+00:00,"#Санкции #Политика
🇭🇺 Венгрия дала ""добро"" на продление санкций ЕС против России — Politico",[],[],[],False
67765,2025-01-27 07:20:53+00:00,"#Политика
🇺🇸 США за счет конфликта на Украине по итогам 2024 года смогли нарастить прибыль от продажи оружия на 29% — до $318.7 млрд — Ouest-France",[],[],[],False
67764,2025-01-27 07:07:36+00:00,"#X5 #Отчетность
🖨ИКС 5: операционные результаты 2024

Выручка 3 трлн руб (+24.2% г/г) 
Новые магазины +2543",[],[],[],False
67763,2025-01-27 07:02:55+00:00,"ВЫРУЧКА X5 В IV КВАРТАЛЕ УВЕЛИЧИЛАСЬ НА 22,3%, ДО 1,08 ТРЛН РУБ. - КОМПАНИЯ


**Замечено Шпионом РЦБ.
Подключить:** @StockSpy_bot",[],[],[],False
67762,2025-01-27 06:48:58+00:00,"#ИИ
**🇨🇳**** Китай заставляет усомниться в высокой оценке Nvidia**

Китайский стартап в области ИИ DeepSeek представил новую модель ИИ, которая является экономически эффективной при работе на менее совершенных чипах.

Nvidia возглавляла бум вокруг ИИ, поскольку считалось, что ее чипы необходимы для развития искусственного интеллекта. DeepSeek показывает, что можно разрабатывать мощные модели ИИ с меньшими затратами.",[],[],[],False
67761,2025-01-27 06:15:20+00:00,"#Нефтянка
**Ставки фрахта нефтетанкеров в российских портах выросли в январе** — Ведомости

Аналитики, впрочем, ожидают их скорого снижения. 

Ставки фрахта нефтяных танкеров типа Aframax (дедвейтом 80 000–120 000 т) в российских портах в январе 2025 г. резко выросли – на 39–239% в зависимости от порта и направления поставок. 

Например, фрахт танкеров, идущих из Новороссийска в порты Индии, 10–17 января подорожал на 59–60% до $8,5–9,5/барр., в Китай – на 47% до $11,5/барр., в Турцию – на 75% до $4,8/барр.",[],[],[],False
67760,2025-01-24 16:26:13+00:00,"Первый в этом году
**
🎰 Пятничный пост для игры в казино

**Чтобы испытать удачу, просто скопируйте один из эмодзи ниже и вставьте в комментарии под этим постом:
 
🎰  🎲   🎳   🎯   ⚽️  🏀",[],[],[],True
67759,2025-01-24 14:50:25+00:00,"#Политика
**Нам лучше встретиться с Трампом**, опираясь на реалии сегодняшнего дня, спокойно поговорить по всем темам, которые интересны США и РФ — Путин",[],[],[],False
67758,2025-01-24 14:47:42+00:00,"#Политика**
Путин о переговорах с Киевом:**

👉 Киев запретил себе вести переговоры с РФ, и в случае их начала они могут быть объявлены нелегитимными.

👉 Запад требует от Киева отменить запрет на переговоры, но Украина не спешит это выполнять — в итоге ей придется.",[],[],[],False
67757,2025-01-24 14:44:38+00:00,"ПУТИН: ВИДИМ ЗАЯВЛЕНИЯ ТРАМПА О ГОТОВНОСТИ К СОВМЕСТНОЙ РАБОТЕ, МЫ ВСЕГДА ДЛЯ ЭТОГО ОТКРЫТЫ


**Замечено Шпионом РЦБ.
Подключить:** @StockSpy_bot",[],[],[],False
67756,2025-01-24 14:44:13+00:00,"ПУТИН: ЕСЛИ БЫ У ТРАМПА В 2020 ГОДУ НЕ УКРАЛИ ПОБЕДУ, ТО, МОЖЕТ, В 2022 ГОДУ НЕ ВОЗНИК КРИЗИС НА УКРАИНЕ


**Замечено Шпионом РЦБ.
Подключить:** @StockSpy_bot",[],[],[],False
67755,2025-01-24 14:20:01+00:00,"ЦБ РФ С 25 ЯНВАРЯ СНИЗИЛ ОФИЦИАЛЬНЫЙ КУРС ДОЛЛАРА США НА 83,42 КОП., ДО 98,2636 РУБ.


**Замечено Шпионом РЦБ.
Подключить:** @StockSpy_bot",[],[],[],False
67754,2025-01-24 14:14:52+00:00,"#Политика #Газ
Вопрос о транзите российского газа через Украину может быть поднят на заседании глав МИД стран ЕС 27 января",[],[],[],False
67753,2025-01-24 13:57:44+00:00,"#Политика
Если США при Трампе будут учитывать интересы России, диалог Москвы и Вашингтона будет постепенно восстанавливаться, если нет - ""все останется как есть"", - Лавров",[],[],[],False
67752,2025-01-24 13:49:00+00:00,"#Политика
Москва не видит реальных действий со стороны Киева и Запада, указывающих на готовность к мирным переговорам, заявил Лавров",[],[],[],False
67751,2025-01-24 12:47:58+00:00,"#Макро
Ухудшение доступности кредитов отмечают предприятия в строительстве, торговле и сельском хозяйстве — ЦБ РФ",[],[],[],False
67750,2025-01-24 12:03:55+00:00,"#Политика #Макро
Контракт на службу в ВС РФ в 2024 году заключили около 450 тыс. человек, еще более 40 тыс. человек стали добровольцами в спецоперации — Медведев",[],[],[],True
67749,2025-01-24 11:49:17+00:00,"#Политика
✒️ **Список указов Дональда Трампа по крипте:**

🔹Создается рабочая группа для разработки нормативной базы для цифровых активов и плана создания крипторезерва. Руководить группой будет Дэвид Сакс (криптоцарь).

🔹Привлекаются ведущие эксперты по цифровым активам и рынкам для обеспечения эффективной работы группы.

🔹Департаменты обязаны пересмотреть нормативные акты, влияющие на цифровые активы, и рекомендовать их отмену или изменение.

🔹Агентствам запрещено предпринимать действия по созданию или продвижению CBDC.

🔹Отменяются указы предыдущей администрации, ограничивавшие инновации и экономическую свободу в сфере цифровых финансов.

🔹США планируют способствовать развитию стейблкоинов по всему миру.",[],[],[],False
67748,2025-01-24 10:03:20+00:00,"#LSRG #Отчетность
**ЛСР опубликовала операционные результаты за 2024 год:**

📊 Основные показатели:
— Продажи 664 тыс. кв. м (-39% г/г).
— Стоимость новых договоров 163 млрд руб. (-24% г/г).
— Доля ипотечных сделок снизилась до 69% (в 2023 г. — 76%).

🏢 География:
— Санкт-Петербург: 265 тыс. кв. м (-60% г/г), 52 млрд руб.
— Москва: 322 тыс. кв. м (+11% г/г), 102 млрд руб.
— Екатеринбург: 77 тыс. кв. м (-45% г/г), 9 млрд руб.",[],[],[],False
67747,2025-01-24 09:49:37+00:00,"#MOEX
**Московская биржа вводит дополнительные меры против волатильности на фондовом рынке с 27 января 2025 года.**

**👉 Установлены пределы отклонения цен заявок:**
— Утренние торги: ±10% для акций и фондов, ±5% для облигаций (от цены закрытия предыдущего дня).
— Вечерние торги: ±10% для всех инструментов (от цены закрытия текущего дня).
— Для бумаг третьего уровня листинга сохранен лимит ±22% с мониторингом внутридневных изменений.

📊 В случае дестабилизации биржа введет асимметричные ценовые коридоры.",[],[],[],False
67746,2025-01-24 09:41:56+00:00,"#Политика
Россия считает необходимым возобновить переговоры с США по контролю над вооружениями как можно скорее — Песков.",[],[],[],False
67745,2025-01-24 09:40:48+00:00,"#Политика
**Путин готов к контакту с Трампом, Москва ждет сигналов,** проинформирует о возможном разговоре своевременно — пресс-секретарь президента РФ Песков",[],[],[],False
67744,2025-01-24 08:49:38+00:00,"#Политика 
**У РФ и НАТО не осталось никаких каналов взаимодействия - Грушко**",[],[],[],False
67743,2025-01-24 08:30:52+00:00,"#RASP
**24.01.2025, 11-26 (мск) изменены значения верхней границы ценового коридора и диапазона оценки рыночных рисков ценной бумаги RASP (Распадская).**
В соответствии с Методикой определения НКО НКЦ (АО) риск-параметров фондового рынка и рынка депозитов ПАО Московская Биржа 24.01.2025, 11-26 (мск) изменены значения верхней границы ценового коридора (до  332.2) и диапазона оценки рыночных рисков (до  355.418 руб., эквивалентно ставке  25.5 %) ценной бумаги RASP (Распадская)

👉[Полная новость](https://www.moex.com/n77110)

**Замечено Шпионом РЦБ.
Подключить:** @StockSpy_bot",[],[],[],False
67742,2025-01-24 08:20:58+00:00,"#Политика
Россия будет добиваться гарантий, исключающих членство Украины в НАТО — замглавы МИД РФ Грушко",[],[],[],False
67741,2025-01-24 07:37:51+00:00,"#Санкции #Политика
🇭🇺 Премьер Венгрии Виктор Орбан заявил, что согласится на продление антироссийских санкций только при выполнении Украиной нескольких условий. 

Среди них:
• возобновление транзит газа из РФ
• прекращение атак на «Турецкий поток»
• гарантии со стороны Киева, что транзит нефти не будет прекращен.",[],[],[],False
67740,2025-01-24 07:02:34+00:00,"""Т-ТЕХНОЛОГИИ"" В 2025Г БУДУТ СОЧЕТАТЬ ИНВЕСТИЦИИ В РАЗВИТИЕ С РЕГУЛЯРНЫМИ ДИВИДЕНДНЫМИ ВЫПЛАТАМИ - БЛИЗНЮК


**Замечено Шпионом РЦБ.
Подключить:** @StockSpy_bot",[],[],[],False
67739,2025-01-24 07:02:24+00:00,"#MOEX #ROSB #TCSG
**Т-Банк в 2024г увеличил чистую прибыль по РСБУ до 61 млрд руб., Росбанк (MOEX: ROSB) - до 51 млрд руб**
Т-Банк (SPB: TCSG) (MOEX: TCSG) в 2024 году увеличил чистую прибыль по РСБУ на 31% - до 61 млрд рублей, Росбанк - на 57%, до 51 млрд рублей, говорится в сообщении материнского МКПАО ""Т-Технологии"" .

[MOEX](https://www.tinkoff.ru/invest/stocks/MOEX?utm_source=security_share) 206.47₽
[ROSB](https://www.tinkoff.ru/invest/stocks/ROSB?utm_source=security_share) 79.0₽
[TCSG](https://www.tinkoff.ru/invest/stocks/TCSG?utm_source=security_share) 2384.8₽

👉[Полная новость](http://telegra.ph/T-Bank-v-2024g-uvelichil-chistuyu-pribyl-po-RSBU-do-61-mlrd-rub-Rosbank-MOEX-ROSB---do-51-mlrd-rub-01-24-3)

**Замечено Шпионом РЦБ.
Подключить:** @StockSpy_bot",[],[],[],False
67738,2025-01-24 06:18:17+00:00,"#Политика
**Россия считает угрозы Трампа пустыми и считает, что у нее есть ресурсы и силы, чтобы продолжать боевые действия до достижения целей — WSJ
**
 Первоначальные попытки президента Трампа заманить Путина за стол переговоров по Украине были встречены, по сути, пожиманием плечами",[],[],[],False
67737,2025-01-24 05:59:01+00:00,"#Газ
**Танкеры с СПГ из США резко сменили курс на Европу** — РБК

Семь танкеров с СПГ из США вместо Азии и Колумбии направились в Европу на фоне роста цен на сырье на европейском рынке после остановки транзита российского газа. Аналитики отметили необычность такого числа разворотов",['NVTK'],[],['NVTK'],False
67736,2025-01-23 21:02:52+00:00,"#Политика
Трамп заявил, что **получает сигналы о готовности Путина** встретиться с ним.",[],[],[],False
67735,2025-01-23 20:41:44+00:00,"#Политика
**СМИ сообщают, что Путин приехал в Кремль**",[],[],[],True
67734,2025-01-23 20:30:43+00:00,"#Политика
ХОЧУ НЕМЕДЛЕННО ВСТРЕТИТЬСЯ С ПУТИНЫМ. ЗЕЛЕНСКИЙ СКАЗАЛ, ЧТО ГОТОВ К СДЕЛКЕ — ТРАМП",[],[],[],False
67733,2025-01-23 17:21:41+00:00,"⬆️ **#RASP**** 30.4M₽ +0.03%**

🔷 **Аномальный объем **
[**Распадская**](https://www.tinkoff.ru/invest/stocks/RASP?utm_source=security_share)

Объём: 30.4M₽ (10017 лотов)
Покупка: 52% Продажа: 48%
Цена: 303.15₽

Изменение цены:
    на объеме: +0.03%
    за сегодня: +8.85%

Время: 2025-01-23 20:21:16
**Замечено Шпионом РЦБ.**
**Подключить: ****@StockSpy_bot**",[],[],[],False
67732,2025-01-23 17:19:43+00:00,"ЕВРАЗ НТМК ВКЛЮЧЕН В СПИСОК ЭЗО - РАСПОРЯЖЕНИЕ


**Замечено Шпионом РЦБ.
Подключить:** @StockSpy_bot",[],[],[],False
67731,2025-01-23 16:35:03+00:00,"#Политика
**Я гарантирую безопасность поставок энергоносителей из США в Европу **— Трамп",[],[],[],False
67730,2025-01-23 16:32:54+00:00,"#Политика
**Трамп намерен потребовать от стран НАТО тратить не менее 5% ВВП на оборону**",[],[],[],False
67729,2025-01-23 16:21:45+00:00,"#Нефтянка
Трамп намерен попросить ОПЕК снизить цены на нефть для завершения конфликта.",[],[],[],False
67728,2025-01-23 16:19:03+00:00,"#Политика
Трамп призвал международные компании перенести производство в США, пообещав им ""одни из самых низких"" налогов в мире",[],[],[],False
67727,2025-01-23 16:18:44+00:00,"#Нефтянка #Политика
Трамп считает, что если цена на нефть упадет, то конфликт на Украине закончится",[],[],[],False
67726,2025-01-23 16:16:40+00:00,"#Макро
**Трамп заявил, что будет добиваться снижения ставки ФРС**",[],[],[],False
67725,2025-01-23 16:16:20+00:00,"#Политика
🌐 **Трамп напомнил, что намеревается сделать США мировой столицей крипты.**

Также заявил, что его администрация начала самый масштабный процесс дерегуляции в истории.",[],[],[],False
67724,2025-01-23 15:52:26+00:00,"#Политика
🌐 Дональд Трамп выступит по видеосвязи на Всемирном финансовом форуме через 30 минут (в 19:00 мск)",[],[],[],False
67723,2025-01-23 14:18:17+00:00,"Это вот тут, если что",[],[],[],True
67722,2025-01-23 14:14:20+00:00,"#Политика
**Путин поговорил с президентом Гвинеи-Бисау**",[],[],[],False
67721,2025-01-23 14:03:54+00:00,"🔋 **Санкции США привели к тому, что ключевые модули, предназначенные для российского «Арктик СПГ-2», **[**вернулись**](https://gcaptain.com/us-sanctions-send-key-modules-destined-for-russias-arctic-lng-2-back-to-china-after-10-month-odyssey/)** в Китай после 10-месячного путешествия**

Возвращение судна в Китай стало результатом неудачной попытки доставить критически необходимое оборудование на находящийся под санкциями российский завод «Арктик СПГ 2».

Изначально компания Wison планировала доставить модули 3-TMR-001 и 3-TMR-002 на площадку «Новатэка» в Белокаменке, где они должны были стать основой для третьей линии по сжижению газа, которая сейчас законсервирована. Однако всё более сложные условия работы с Россией из-за санкций помешали планам компании.",['NVTK'],[],['NVTK'],True
67720,2025-01-23 13:59:25+00:00,"#Макро
🇪🇺**🇨🇳**** От каких китайских ресурсов зависит Европа**

На графике показан процент поставок сырья из Китая в ЕС по 12 видам сырья, используемого в различных отраслях.

**Тяжелые редкоземельные элементы — 100%** — используются в ядерных реакторах, ТВ экранах, оптоволокне.

**Магний — 97%** — используется в аэрокосмической и автомобильной отраслях.

**Легкие редкоземельные элементы — 85%** — используются для производства катализаторов, авиационных двигателей и магнитов.

**Литий — 79%** — используются в аккумуляторах и фармацевтической отрасли.

**Галлий — 71%** — необходим для производства полупроводников, солнечных панелей и светодиодов.",[],[],[],True
67719,2025-01-23 13:49:54+00:00,"#Нефтянка
**Bloomberg узнал о возможном закрытии азиатских НПЗ из-за санкций США**

НПЗ в Южной Корее, Сингапуре и Тайване оказались уязвимыми к росту цен на нефть и задумались о сокращении объемов переработки и закрытии. Это последовало после санкций США против энергетического сектора России.",[],[],[],False
67718,2025-01-23 13:35:06+00:00,"#Политика
Путин прервал участие в совещании ради международного разговора",[],[],[],True
67717,2025-01-23 13:08:10+00:00,**ДЛЯ БАНКРОТСТВА ГК SOFTLINE НЕТ НИКАКИХ ОСНОВАНИЙ - ГРУППА В ОТВЕТ НА НАМЕРЕНИЕ ДРУГОЙ КОМПАНИИ ОБРАТИТЬСЯ С ИСКОМ В СУД**,[],[],[],False
67716,2025-01-23 12:17:21+00:00,"❗️ **Обновленная инструкция по Шпиону РЦБ**

Подробный разбор всех функций: с описанием и возможными стратегиями их использования в своей торговле. 

**Пользователю Шпиона РЦБ доступны следующие функции**
• Дельта
• Рейтинг акций по покупкам и продажам/
• Доступ к чату с аналитиком и другими пользователями
• Аномальные объемы
• Аномальные лимитки
• Моментальные новости из первоисточников
• Раскрытие корпоративной информации

Все эти функции подробно описаны в инструкции:

[👉 ЧИТАТЬ РУКОВОДСТВО](https://dzen.ru/a/Z4T3vjatYHRrNAs6)

Обязательно к прочтению перед подключением

[👉](https://dzen.ru/a/Z4T3vjatYHRrNAs6) [ПОДКЛЮЧИТЬСЯ К ШПИОНУ](https://t.me/StockSpy_bot)",[],[],[],True
67715,2025-01-23 11:42:10+00:00,"#SOFL
**ИТ-дистрибьютор BERKS намерен инициировать банкротство ""Софтлайна"" из-за долга почти в 1 млрд руб**
ООО ""Беркс"" (BERKS, разработчик ПО и дистрибьютор компьютеров и софта) намерено обратиться в арбитражный суд с иском о банкротстве ПАО ""Софтлайн"" . Соответствующее уведомление размещено на ""Федресурсе"".

[SOFL](https://www.tinkoff.ru/invest/stocks/SOFL?utm_source=security_share) 120.48₽

👉[Полная новость](http://telegra.ph/IT-distribyutor-BERKS-nameren-iniciirovat-bankrotstvo-Softlajna-iz-za-dolga-pochti-v-1-mlrd-rub-01-23-3)

**Замечено Шпионом РЦБ.
Подключить:** @StockSpy_bot",[],[],[],False
67714,2025-01-23 11:35:27+00:00,"#Политика
🇺🇦 **Страны НАТО предложат Украине в обмен на ""мирную сделку"" с Россией два варианта гарантий безопасности** — Foreign Policy

Первый вариант — военная и экономическая помощь Украине. 

Второй вариант — распространение на украинскую территорию статьи договора НАТО, где нападение на одного члена альянса рассматривается как нападение на всех.",[],[],[],False
67713,2025-01-23 11:17:16+00:00,"#X5** 
Мосбиржа с 24 января допустит акции ИКС 5 к торгам на вечерней сессии**",[],[],[],False
67712,2025-01-23 10:56:00+00:00,"Рост цен на газ и в частности тарифов на распределение - это как стероиды для финансовой модели облгазов.

Помните, надеюсь, прикидки вашего покорного слуги: ставишь рост тарифов на газ как хочет Газпром - получаешь целевую цену раза в 3 выше текущей. Пример для STKG на рисунке.

Подробнее в обзоре: https://teletype.in/@natgas69/stkg",[],[],[],True
67711,2025-01-23 10:45:33+00:00,"#GAZP #STKG #YROG #KLOG #RTGZ
**⛽️**** В России цены на газ должны достигнуть уровня, обеспечивающего финансирование проектов газификации и реализации крупных инвестиционных проектов** — начальник отдела ПАО ""Газпром"" Алексей Сахаров в Госдуме — [Интерфакс](https://www.interfax.ru/business/1004282).

Текущий уровень регулируемых оптовых цен на газ не обеспечивает формирование финансовых ресурсов в размерах, достаточных для осуществления необходимых капитальных вложений в поддержание и развитие газовой инфраструктуры в интересах российских потребителей

Это не может не сказаться в долгосрочной перспективе на надежности газоснабжения и усложняет принятие инвестиционных решений по развитию газификации и реализации других важных инфраструктурных проектов.",[],[],[],False
67710,2025-01-23 10:07:08+00:00,"У самурая нет Блумберга, есть только Шпион РЦБ, который показывает все необходимые индикаторы.

У подписчика Инвест Мемов есть [**скидка 10%**](https://t.me/stockspy_bot?start=promo_mem10) на подписку Шпиона.

Думайте.

[Инвест Мемы.Подписаться.](https://t.me/investmemes)",[],[],[],True
67709,2025-01-23 09:36:33+00:00,"#Политика
Путин в четверг проведет международный телефонный разговор — Песков.

Сразу скажу вам, **это не тот разговор**, но не менее важный для нас",[],[],[],False
67708,2025-01-23 08:47:04+00:00,"#Санкции #Газ #Удобрения
**В Бельгии заявили, что в 16-й пакет санкций ЕС должны войти СПГ и удобрения **— ТАСС

Трубопроводный газ, СПГ и удобрения из России должны попасть под санкции ЕС, а все ранее введенные **санкции должны еще долго оставаться в силе, вне зависимости от установления мира на Украине** — премьер Бельгии","['PHOR', 'NVTK']",[],"['NVTK', 'PHOR']",False
67707,2025-01-23 07:45:04+00:00,"#ABRD 
Продажи игристых вин в России в прошлом году выросли на 8.6% - до 23.5 млн декалитров",[],[],[],True
67706,2025-01-23 07:35:48+00:00,"**ММК: в 4 кв. 2024 года продажи упали до минимумов начала СВО и ковида. 4 кв 2024 к 4 кв 2023 -23%**. ** **#аналитика 

✍️ Продажи металлопродукции Группы в 4 кв. 2024 года составили 2 363 тыс. тонн, снизившись на 4.7%, отражая влияние ремонтной программы, **замедление деловой активности в России на фоне роста стоимости заемного финансирования** и сезонного фактора.
✍️ Продажи премиальной продукции сократились на 9.4% и составили 1 077 тыс. тонн, в основном из-за коррекции продаж х/к проката и проката с покрытиями **на фоне снижения строительной активности ввиду** неблагоприятной сезонности и **сложившихся макроэкономических условий**.

В 1 кв. 2025 года ситуация точно не стала лучше...

😀 @AK47pfl",['MAGN'],[],['MAGN'],True
67705,2025-01-23 07:34:58+00:00,"#Китай
🇨🇳 Финансовые регуляторы Китая в четверг призвали крупные государственные инвестиционные фонды и страховые компании покупать больше акций — CNBC",[],[],[],False
67704,2025-01-23 07:06:42+00:00,"#MAGN #Отчетность
**🖨**** ММК: Операционные результаты 2024**

Выплавка чугуна — 9.49 млн т (-4.5% г/г)
Производство стали — 11.2 млн т (-13.8% г/г)
Продажи металлопродукции — 10.6 млн т (-9.8% г/г)
Производство угольного концентрата — 2.6 млн т (-25.7% г/г)",['MAGN'],['MAGN'],[],True
67703,2025-01-23 06:36:27+00:00,"**#RSTI**** ****#Крипта****
Россети хотят координировать инфраструктуру добычи криптовалюты в регионах -** Коммерсантъ

Россетм готовы стать ответственными за размещение майнинг-центров в регионах. Инициатива могла бы помочь дозагрузить невостребованные электросетевые мощности в отдельных субъектах РФ, где госкомпания фиксирует снижение энергопотребления. С этой же целью «Россети» предлагают установить специальный тариф для простаивающих центров питания. 

Крупные майнеры находят идею дискриминационной, а аналитики полагают, что полномочия инфраструктурных организаций не должны выходить за пределы технологически необходимого взаимодействия с потребителями",[],[],[],False
67702,2025-01-23 06:03:01+00:00,"#Банки
🏦 **Россияне все больше средств держат на вкладах** — Ведомости

Средний чек одного депозита на финансовом маркетплейсе «Финуслуги» вырос в 2024 г. почти на 22% – с 411 000 руб. в январе до 500 000 руб. к концу года, говорится в сообщении платформы. Рост среднего размера вклада фиксируют также в ВТБ, «Почта банке», Новикомбанке, Совкомбанке и «Абсолют банке».",['VTBR'],[],['VTBR'],False
67701,2025-01-22 16:35:56+00:00,"#Политка
Оригинал поста президента США Трампа

Я не хочу навредить России. Я люблю русский народ и всегда имел очень хорошие отношения с президентом Путиным — и это несмотря на мистификации радикальных левых о России, России, России. Мы никогда не должны забывать, что Россия помогла нам выиграть Вторую Мировую войну, потеряв в этом процессе почти 60 000 000 жизней. При всем при этом я собираюсь оказать России, чья экономика рушится, и президенту Путину очень большую услугу. Успокойтесь сейчас и ПРЕКРАТИТЕ эту нелепую войну! БУДЕТ ТОЛЬКО ХУЖЕ. Если мы не заключим «сделку», и вскоре, у меня не останется другого выбора, кроме как установить высокие налоги, пошлины и санкции на все, что Россия продает Соединенным Штатам и различным другим странам-участницам. Давайте покончим с этой войной, которая никогда бы не началась, если бы я был президентом! Мы можем сделать это легким путем или трудным путем — и легкий путь всегда лучше. Пришло время «ЗАКЛЮЧИТЬ СДЕЛКУ». БОЛЬШЕ НИ ОДНОЙ ЖИЗНИ НЕ ДОЛЖНО БЫТЬ ПОТЕРЯНО!!!",[],[],[],True
67700,2025-01-22 16:08:29+00:00,#IMOEX открывает вечерку,[],[],[],True
67699,2025-01-22 16:07:16+00:00,"⬇️ **#SBER**** 320.6M₽ -0.63%**

🔷 **Аномальный объем **
[**Сбербанк ао**](https://www.tinkoff.ru/invest/stocks/SBER?utm_source=security_share)

Объём: 320.6M₽ (113596 лотов)
Покупка: 29% Продажа: 71%
Цена: 282.2₽

Изменение цены:
    на объеме: -0.63%
    за сегодня: +0.12%

Время: 2025-01-22 19:05:57
**Замечено Шпионом РЦБ.**
**Подключить: ****@StockSpy_bot**",[],[],[],False
67698,2025-01-22 16:01:50+00:00,"#Макро
**⚡️**** Годовая инфляция на 20 января ускорилась до 10.04%** (9.87% на 13 января)",[],[],[],False
67697,2025-01-22 16:00:46+00:00,"#Макро
**⚡️**** Инфляция в РФ с 1 по 20 января — 0.92%**",[],[],[],False
67696,2025-01-22 16:00:08+00:00,"#Макро
**⚡️**** Недельная инфляция в РФ по 20 января — 0.25%**",[],[],[],False
67695,2025-01-22 15:51:29+00:00,"#Политика
**Если мы скоро не заключим соглашение с Украиной, США установят высокие налоги, тарифы и санкции на все, что продает нам Россия** — Трамп

Запретить продажу всех товаров в США → угрожать высокими пошлинами на товары, которые уже не продаются в США → 🧠",[],[],[],False
67694,2025-01-22 15:12:03+00:00,"ЦБ РФ С 23 ЯНВАРЯ СНИЗИЛ ОФИЦИАЛЬНЫЙ КУРС ДОЛЛАРА США НА 1,65 РУБ., ДО 98,2804 РУБ.


**Замечено Шпионом РЦБ.
Подключить:** @StockSpy_bot",[],[],[],False
67693,2025-01-22 14:59:40+00:00,"#Макро
Путин назвал успешным 2024 год для российской экономики — РБК

**Кроме того, по его словам, дополнительные нефтегазовые доходы российской казны в прошлом году составили 1.3 трлн руб.,** а не связанные с продажей нефти и газа поступления прибавили 26%, составив 25.6 трлн руб.
Это почти на 800 млрд руб. больше, чем правительство предполагало осенью.",[],[],[],False
67692,2025-01-22 14:22:47+00:00,"ПУТИН: В ДЕКАБРЕ КОРПОРАТИВНОЕ КРЕДИТОВАНИЕ ЗАМЕДЛИЛОСЬ, В ЯНВАРЕ ДИНАМИКА ПОРТФЕЛЯ СКЛАДЫВАЕТСЯ НИЖЕ ЦЕЛЕВЫХ ОРИЕНТИРОВ


**Замечено Шпионом РЦБ.
Подключить:** @StockSpy_bot",[],[],[],False
67691,2025-01-22 14:21:29+00:00,"#Макро
Власти должны реагировать на ускорившуюся инфляцию — Путин",[],[],[],False
67690,2025-01-22 14:17:21+00:00,"#CHMF
В 2024 году Ж/Д отгрузки стальной продукции ЧерМК Северсталь самые низкие за последние 3 года  — [МеталлТорг](https://www.metaltorg.ru/n/9B66D7)

В декабре прошлого года Ж/Д отправки стальной продукции ЧерМК Северсталь составили 0.47 млн тонн (-19% г/г)",[],[],[],False
67689,2025-01-22 14:10:46+00:00,"#Нефтянка
**В 2017 году после инаугурации Трампа нефть упала на 20% за следующие 6 месяцев**",[],[],[],True
67688,2025-01-22 14:00:56+00:00,"#MOEX
**Мосбиржа сузит ценовые границы акций на утренних торгах до 10% от цены закрытия**",[],[],[],False
67687,2025-01-22 13:36:55+00:00,"#Политика
**Обещания Запада по принятию Украины в НАТО оказались ложными**. Это было нечестно по отношению к Украине и к украинцам — президент Украины Зеленский",[],[],[],False
67686,2025-01-22 13:23:00+00:00,"#MOEX
**Московская биржа возобновляет утреннюю сессию с 27 января**

Торги на рынке акций будут осуществляться 17 часов в сутки – с 6:50 до 23:50 мск, на срочном рынке и рынке облигаций – 15 часов в сутки – с 8:50 до 23:50 мск.",[],[],[],False
67685,2025-01-22 12:44:15+00:00,100% подписчиков Сигналов РЦБ верят в рубль,[],[],[],False
67683,2025-01-22 12:41:17+00:00,#Прогноз по рублю,[],[],[],True
67682,2025-01-22 12:28:14+00:00,"#Металлурги
**Экспорт российских черных металлов в Китай **[**сократился**](https://metallplace.ru/news220125_15/)** до минимума с 2019 года**

Экспорт черных металлов — сокращение вдвое, до $368.9 млн. 

Россия заняла десятое место среди стран-экспортеров железа и стали в Китай, уступая Индонезии, Японии и другим странам.",[],[],[],True
67681,2025-01-22 12:00:37+00:00,"#Политика #Санкции
**🇪🇺**** У ЕС нет ""плана Б"" по вопросу продления антироссийских санкций **на случай, если Венгрия в этот раз решит наложить вето на продление мер — Bloomberg",[],[],[],False
67680,2025-01-22 11:59:43+00:00,Илон Маск анонсировал новый электрокар Tesla Model SS,[],[],[],True
67679,2025-01-22 11:11:15+00:00,"#HYPR 
**Федеральный оператор электродвижения Hyper в 2024 году **[**существенно нарастил**](https://hyperhub.ru/hyper_itogi_2024)** трафик и выручку**

📈 Рост трафика +538% г/г
📈 Рост выручки х3 г/г

Об этом заявил CEO Hyper на встрече с инвесторами.",[],[],[],False
67678,2025-01-22 10:36:23+00:00,"#Политика
В урегулировании украинского кризиса речь может идти только о надежных юридически обязывающих договоренностях с закреплением в них механизма невозможности их нарушения — глава МИД РФ Лавров",[],[],[],False
67677,2025-01-22 10:35:38+00:00,"#Политика
**Трамп урегулирует конфликт на Украине в срок от 3 до 6 месяцев **— президент Финляндии",[],[],[],False
67676,2025-01-22 09:54:57+00:00,"#IMOEX снова в плюсе, выше 2950",[],[],[],True
67675,2025-01-22 09:30:54+00:00,"#Политика
**На сегодняшний день есть небольшое окно возможностей для договоренностей с новой администрацией США** — замглавы МИД РФ Рябков",[],[],[],False
67674,2025-01-22 09:17:53+00:00,"#Удобрения
Экспорт удобрений по сети РЖД в 2024 вырос до 36.2 млн тонн (+18% г/г)",['PHOR'],[],['PHOR'],False
67673,2025-01-22 09:00:13+00:00,"#Газ
Цены на энергию в ЕС выше, чем в КНР и США, но Евросоюзу все равно надо полностью отказаться от российских энергоресурсов —  глава Еврокомиссии",[],[],[],False
67672,2025-01-22 08:46:54+00:00,"#Газ #Санкции
❌ В Евросоюзе не смогли согласовать санкции против российского СПГ — Еврокомиссар",['NVTK'],[],['NVTK'],False
67671,2025-01-22 08:22:18+00:00,"**Идеальный шторм российской чёрной металлургии: производство стали в РФ упало в 2024 году — и падение продолжится в 2025. **#сборник 

✍️ В 2024 году предприятия чёрной металлургии России выпустили 70.7 млн тонн стали и 61.8 млн тонн готового проката. https://t.me/AK47pfl/19238
✍️ Строительство, которое составляет 75% потребления стали в РФ, продолжит замедляться в 2025 году. https://t.me/AK47pfl/19239
✍️ РЖД, ещё один крупнейший потребитель российской стали, сократил программу капвложений на 2025 год почти на треть. https://t.me/AK47pfl/19240
✍️ Экспорт черных металлов (стали и стальной продукции) тоже демонстрирует негативную динамикуиз-за санкций и конкуренции с Китаем. https://t.me/AK47pfl/19241
✍️ Китайские производители, столкнувшись со снижением внутреннего спроса, активно сбрасывают излишки стали на мировой рынок. https://t.me/AK47pfl/19242

😀 [@AK47pfl](https://t.me/AK47pfl)",[],[],[],True
67670,2025-01-22 08:07:40+00:00,"#TRUMP
❓ **Трамп рассказал, что мало знает о своём мем-токене и спросил журналистов, сколько он заработал. **

Ему ответили, что несколько миллиардов долларов, на что он сказал, что ""это пустяки для этих парней"".",[],[],[],True
67669,2025-01-22 07:31:00+00:00,"#Макро
**📊**** Динамика акций из индекса голубых фишек Мосбиржи с минимумов октября 2022 года**

Без учета дивидендов

**Лидеры роста:**
1️⃣ Хэдхантер +224% 
2️⃣ Полюс +200%
3️⃣ Мосбиржа +171%

**Лидеры падения:**
1️⃣ Норникель: -0.08%
2️⃣ Алроса: -14%
3️⃣ Газпром: -16%","['GMKN', 'ALRS']",[],"['ALRS', 'GMKN']",True
67668,2025-01-22 06:58:11+00:00,"#Политика
🇺🇸Трамп поручил посланнику по Украине Киту Келлоггу завершить войну на Украине за 100 дней. Почти никто не считает, что он сможет это сделать — [WSJ](https://www.wsj.com/politics/policy/trumps-ukraine-envoy-has-a-hard-climb-to-any-peace-deal-ac728e58?mod=mhp)",[],[],[],False
67667,2025-01-22 06:50:38+00:00,"#APRI #Отчетность
🖨 АПРИ: результаты 2024

Объем ввода в эксплуатацию: 214 тыс. кв м (х2 г/г)
Продажи недвижимости: 14 млрд руб (+14.3% г/г)",[],[],[],False
67666,2025-01-22 06:33:34+00:00,"#Политика
🇺🇸 
Президент США Дональд Трамп во вторник [заявил](https://www.vedomosti.ru/politics/articles/2025/01/22/1087618-tramp-dopustil-novie-sanktsii?from=newsline), что открыт для встречи с президентом РФ Владимиром Путиным в любое подходящее для него время, не исключив при этом введения новые санкций против России, если Москва не согласится на переговоры по урегулированию конфликта на Украине.",[],[],[],False
67665,2025-01-22 06:27:27+00:00,"#BSPB #BSPBP
**Банк ""Санкт-Петербург"" в 2024 г. увеличил чистую прибыль по РСБУ на 11,4%, до 52,6 млрд руб.**
Банк ""Санкт-Петербург"" в 2024 году увеличил чистую прибыль по РСБУ без учета событий после отчетной даты (СПОД) на 11,4% к показателю 2023 года - до 52,6 млрд рублей, говорится в сообщении банка.

[BSPB](https://www.tinkoff.ru/invest/stocks/BSPB?utm_source=security_share) 375.1₽
[BSPBP](https://www.tinkoff.ru/invest/stocks/BSPBP?utm_source=security_share) 55.8₽

👉[Полная новость](http://telegra.ph/Bank-Sankt-Peterburg-v-2024-g-uvelichil-chistuyu-pribyl-po-RSBU-na-114-do-526-mlrd-rub-01-22-3)

**Замечено Шпионом РЦБ.
Подключить:** @StockSpy_bot",[],[],[],False
67664,2025-01-22 06:27:16+00:00,"#Уголь
⛏ **Минтранс предложил механизм стимулирования экспорта угля в западном направлении** — Ведомости

По оценкам экспертов, он позволит нарастить поставки на 10–15 млн т в год.",[],[],[],False
67663,2025-01-21 16:50:02+00:00,"Если вас пригласили в этот чат, отмечайте спам и шлите жалобу. Это вонючие скамеры",[],[],[],True
67662,2025-01-21 16:26:30+00:00,"#Политика
**Состоялся телефонный разговор Владимира Путина с Президентом Египта**",[],[],[],False
67661,2025-01-21 15:33:57+00:00,"**Флагманский проект развития электромобильности Группы **«**РОСНАНО» подвел итоги 2024 года на встрече с инвесторами
**
⬆️ **Трафик через сеть** вырос **на 538%**
⬆️ Регулярная **выручка** увеличилась **более чем в три раза**
⬆️ Запуск **Hyper CMS** вывел управление зарядной инфраструктурой на **новый уровень**

__Hyper — крупнейший оператор зарядной инфраструктуры в России с фокусом на инновации и масштабирование. __

Подробности [тут](https://hyperhub.ru/hyper_itogi_2024)",[],[],[],True
67660,2025-01-21 15:24:14+00:00,"#Газ
Португалия намерена экспортировать больше СПГ из США и Нигерии и полностью отказаться от российского газа — Reuters

В 2024 году на российский СПГ пришлось 4.4% всех поставок газа в Португалию. 51% — из Нигерии, еще 40% — из США",['NVTK'],[],['NVTK'],False
67658,2025-01-21 14:27:03+00:00,"#GMKN**
Накопленная дельта Норникеля внутри дня вернулась на максимум** — данные [Шпиона РЦБ](https://t.me/stockspy_bot)

С точки зрения классического технического анализа формируется пробой локального нисходящего тренда

Это может повлечь за собой рост к 126-127 руб",['GMKN'],['GMKN'],[],True
67657,2025-01-21 13:10:16+00:00,"#Газ
🇮🇳 **Индия в ноябре нарастила импорт СПГ на 12%, до 2.047 млн т, показывая самую резкую динамику среди крупнейших потребителей** — Интерфакс

Рост импорта СПГ в ноябре показали:
• Индия +12% г/г
• Тайвань +9%
• Южная Корея +8%
• Таиланд +3%

Снизили импорт: 
• Европа -20% г/г
• Китай -15%
• Япония -5%

**Средняя цена импорта в Индию в ноября — $438** за тысячу кубов ($446 в октябре).

**Крупнейшие поставщики СПГ в Индию в ноябре:**
• Катар: 996 тыс. т (+6%)
• США: 506 тыс. т (+49%)
• Нигерия: 197 тыс. т

Прямых поставок СПГ из России в Индию в ноябре не было. Пришел один груз из Камеруна (с начала года - уже 10 партий, в этом году поставки идут практически каждый месяц). Из Камеруна в Индию поставляется газ в рамках своповой схемы внутри портфеля Gazprom Marketing & Trading.",['NVTK'],[],['NVTK'],False
67656,2025-01-21 12:16:27+00:00,"#Политика
🇷🇺 Россия готова к диалогу с США, если команда Трампа проявит встречный интерес, заявил помощник Путина Юрий Ушаков.",[],[],[],False
67655,2025-01-21 12:15:05+00:00,"#Политика
🇷🇺🇨🇳 Си Цзиньпин в общих чертах проинформировал Путина о содержании его недавнего разговора с Трампом — помощник президента РФ Ушаков",[],[],[],False
67654,2025-01-21 11:33:24+00:00,#IMOEX ниже 2900 п.,[],[],[],True
67653,2025-01-21 11:30:59+00:00,"#DOGE
**👀**** Официальный сайт D.O.G.E. (департамента государственной эффективности США) **[**запустился**](https://doge.gov/)** с логотипом ****$DOGE****.**",[],[],[],True
67652,2025-01-21 10:49:24+00:00,"#SVAV
Соллерс 30 января определит коэффициент Чистый долг/EBITDA для целей дивидендной политики",[],[],[],False
67651,2025-01-21 10:38:25+00:00,"#RTKM
Ростелеком в ответ на сообщения о возможной утечке данных заявил, что, вероятно, утечка произошла из инфраструктуры подрядчика",['MTSS'],[],['MTSS'],False
67650,2025-01-21 10:19:44+00:00,"#RTKM
**Хакеры взломали Ростелеком и получили данные клиентов компании**",['MTSS'],[],['MTSS'],False
67649,2025-01-21 10:09:36+00:00,"#Политика
🇷🇺🇨🇳 Си Цзиньпин в разговоре с Путиным заявил о готовности вместе вывести отношения Китая и России на новую высоту, противостоять внешней неопределенности",[],[],[],False
67648,2025-01-21 09:49:20+00:00,"#Политика #Газ
Премьер-министр Словакии Фицо обратился к президенту Турции Эрдогану с просьбой помочь с поставками российского газа через Турецкий поток",[],[],[],False
67647,2025-01-21 09:19:03+00:00,"#Политика
Подготовка телефонного разговора Путина и Трампа пока не началась — пресс-секретарь президента РФ Песков",[],[],[],False
67646,2025-01-21 09:07:10+00:00,"#Политика
🇷🇺🇨🇳 Путин и председатель КНР Си Цзиньпин провели разговор по видеосвязи",[],[],[],False
67645,2025-01-21 09:01:41+00:00,"#GMKN
**Индонезия сокращает производство никеля, чтобы поддержать цены на металл** — [Financial Times](https://www.ft.com/content/8e0de8a7-7a83-40d0-ac80-b508e233d589)

Индонезия, крупнейший мировой производитель никеля, планирует снизить добычу до 150–200 млн тонн в 2024 году (против 270 млн в 2023-м).

Это решение направлено на стабилизацию цен, которые за два года упали на 40% до $16 000 за тонну из-за переизбытка предложения.",['GMKN'],['GMKN'],[],True
67644,2025-01-21 08:58:52+00:00,"#OGKB
Электростанции ОГК-2 в 2024 г увеличили производство электроэнергии на 7.5%, до 57.4 млрд кВт.ч — компания",[],[],[],False
67643,2025-01-21 08:47:11+00:00,"#ROSN #TRNFP
**Суд отклонил иск Роснефти к Транснефти на 6.1 млрд рублей**",['ROSN'],['ROSN'],[],False
67642,2025-01-21 08:34:10+00:00,"#Макро
**Власти понизили план по инвестициям на фоне высокой ставки** — РБК

Единый план правительства по достижению национальных целей предполагает рост инвестиций на 1.3% в 2025 году, на 2.2% в 2026-м и на 2.5% в 2027-м. Это меньше, чем закладывалось в базовый прогноз Минэкономразвития.",[],[],[],False
67641,2025-01-21 08:22:31+00:00,"#Adoption
🔝 Так выглядит топ финансовых приложений в американском App Store после запуска мемкоина Трампа.",[],[],[],True
67640,2025-01-21 07:47:23+00:00,"#ZAYM**
Займер: Операционные результаты за 2024** 

Объем выдач — 55.87 млрд руб (+5.3% г/г)
Объем выдач PDL-займов 37.09 млрд руб (-12.8% г/г)
Объем выдач IL-займов — 18.7 млрд руб (+79% г/г)",[],[],[],False
67639,2025-01-21 07:23:35+00:00,"#AFLT
Пассажиропоток авиакомпаний РФ в 2024 — 111.6 млн чел (+5.85% г/г) — Росавиация",[],[],[],False
67638,2025-01-21 07:22:23+00:00,"#Политика
🇺🇸 **Трамп, вступивший в должность 20 января, подписал указ о временной приостановке всех программ помощи США другим странам на 90 дней** — AP",[],[],[],False
67637,2025-01-21 06:46:41+00:00,"#Политика
Отсутствие в инаугурационной речи Дональда Трампа вопросов стратегической стабильности и украинского кризиса говорит о неуверенности нового президента США в успехе на этих направлениях и невыработанной позиции по ним — вице-спикер Совета Федерации Косачев

По его мнению, инаугурационная речь Трампа была тщательно выверена и включила в себя только те позиции, по которым вновь избранный президент уверен в реализуемости и успехе

Между тем Трамп заявил, что процесс подготовки встречи с президентом РФ Владимиром Путиным уже идет, и ее надо провести в ближайшее время. """,[],[],[],False
67636,2025-01-20 18:13:06+00:00,"Итоги выступления Трампа:

• За традиционные семейные ценности: только два гендера
• Увеличение добычи нефти 
• Занимаемся импортозамещением: производим авто и пр.
• Восстанавливаем исторические границы: забираем Панамский канал и Мексиканский залив",[],[],[],True
67635,2025-01-20 17:55:21+00:00,**Панама и Мексика 21.01.2025 подаёт заявку в ОДКБ - Источник**,[],[],[],False
67634,2025-01-20 17:47:26+00:00,На инаугурации Трампа был замечен единственный шортист крипты,[],[],[],True
67633,2025-01-20 17:42:03+00:00,"#Политика
**Трамп закончил**

Индекс Мосбиржи -1%",[],[],[],False
67632,2025-01-20 17:32:55+00:00,"#Политика
Панамский канал США отдали по глупости. А мы слишком много денег тратим на него. Мы получили обещания, которые не были исполнены — Трамп",[],[],[],False
67631,2025-01-20 17:31:53+00:00,"#Политика
Мексиканский залив будет переименован в Американский — Трамп",[],[],[],False
67630,2025-01-20 17:31:03+00:00,"#Политика
**Мы закончим войны, которые сейчас продолжаются и не будем становиться участником войны. **Я хочу остаться в вашей памяти как миротворец — Трамп",[],[],[],False
67629,2025-01-20 17:26:17+00:00,"#Политика
**Мы введем пошлины на импорт в нашу страну** — Трамп",[],[],[],False
67628,2025-01-20 17:24:09+00:00,"#Политика #Нефтянка
**Трамп анонсировал увеличение добычи нефти**",[],[],[],False
67627,2025-01-20 17:21:33+00:00,"#Политика
**Сегодня подпишу  ряд исторических указов** — Трамп

Во-первых, займемся нашей южной границей. Все нелегалы будут задержаны.",[],[],[],False
67626,2025-01-20 17:14:34+00:00,"#Политика
США спонсировали защиту границ стран по всему миру, но не справлялись с защитой собственных границ — Трамп",[],[],[],False
67625,2025-01-20 17:10:46+00:00,"#Политика
**Трамп выступает**",[],[],[],True
67624,2025-01-20 17:08:48+00:00,📉 #**BTC**** протестировал $102 000**,[],[],[],True
67623,2025-01-20 17:03:09+00:00,"#Политика
🇺🇸 Трамп — президент",[],[],[],True
67622,2025-01-20 16:45:36+00:00,"#Политика
🇷🇺 Как Трамп в Капиталой заходил",[],[],[],True
67621,2025-01-20 16:37:06+00:00,"#Политика
🇺🇸 Трамп идет принимать полномочия",[],[],[],True
67620,2025-01-20 16:33:56+00:00,"#Политика
🇺🇸 Байден и Харрис идут сдавать полномочия",[],[],[],True
67619,2025-01-20 15:35:50+00:00,"ЦБ РФ С 21 ЯНВАРЯ СНИЗИЛ ОФИЦИАЛЬНЫЙ КУРС ДОЛЛАРА США НА 45,58 КОП., ДО 101,9579 РУБ.


**Замечено Шпионом РЦБ.
Подключить:** @StockSpy_bot",[],[],[],False
67618,2025-01-20 15:01:12+00:00,"📉 **#T**** 176.4M₽ -0.52%**

🔶 **Аномальное изменение цены **
[**Т-Технологии**](https://www.tinkoff.ru/invest/stocks/T?utm_source=security_share)

Объём: 176.4M₽ (59045 лотов)
Покупка: 4% Продажа: 96%
Цена: 2987.8₽

Изменение цены:
    на объеме: -0.52%
    за сегодня: -2.13%

Время: 2025-01-20 18:00:22
**Замечено Шпионом РЦБ.**
**Подключить: ****@StockSpy_bot**",[],[],[],False
67617,2025-01-20 15:00:17+00:00,"⬇️📉 **#CHMF**** 51.1M₽ -1.00%**

🔷🔶 **Аномальный объем и изменение цены **
[**Северсталь**](https://www.tinkoff.ru/invest/stocks/CHMF?utm_source=security_share)

Объём: 51.1M₽ (39162 лотов)
Покупка: 9% Продажа: 91%
Цена: 1304.0₽

Изменение цены:
    на объеме: -1.00%
    за сегодня: -1.72%

Время: 2025-01-20 18:00:03
**Замечено Шпионом РЦБ.**
**Подключить: ****@StockSpy_bot**",[],[],[],False
67616,2025-01-20 14:53:17+00:00,"#Политика
🇺🇸 Трамп планирует подписать указ о запрете помощи другим странам, если она противоречит стратегическим интересам США — СМИ со ссылкой на чиновников",[],[],[],False
67615,2025-01-20 13:55:50+00:00,"#Политика
Власти России продолжат бороться за интересы российского народа, в этом заключается смысл СВО — Путин",[],[],[],False
67614,2025-01-20 13:54:27+00:00,"#Политика
Видим заявления Трампа о желании восстановить прямые контакты с РФ о недопустимости Третьей мировой войны, приветствуем такой настрой — Путин",[],[],[],False
67613,2025-01-20 13:53:44+00:00,"#Политика
**Россия поздравляет Трампа со вступлением в должность, заявил Путин.**",[],[],[],False
67612,2025-01-20 13:51:11+00:00,"#Политика
**🇷🇺**** Мы открыты для диалога с новой администрацией США по украинскому конфликту** — Путин",[],[],[],True
67611,2025-01-20 13:29:30+00:00,"#TRX
Проект Трампа World Liberty Financial купил TRX на $5 млн.",[],[],[],False
67610,2025-01-20 13:12:52+00:00,"#Газ #Политика
**Еврокомиссия намерена добиваться полного прекращения импорта российского газа** — представитель ЕК",[],[],[],False
67609,2025-01-20 12:48:29+00:00,#IMOEX +0.6% за минуту,[],[],[],True
67608,2025-01-20 12:32:18+00:00,"#Политика
🇪🇺 Трамп подталкивает ЕС к выбору между двумя проигрышными сценариями — поддержать США в торговой войне с Китаем или полному отказу от импорта — Politico

И тот, и другой грозит негативными последствиями для экономики Европы",[],[],[],False
67607,2025-01-20 12:23:36+00:00,"#Политика
**Россия и Индонезия обсуждают взаимные расчеты в нацвалютах, **— посол РФ в Индонезии Сергей Толченов.",[],[],[],False
67606,2025-01-20 11:56:05+00:00,"#Газ
**🇪🇺**** В Еврокомиссии признали, что российский газ продолжает поступать на рынок ЕС, несмотря на усилия Брюсселя**",[],[],[],False
67605,2025-01-20 11:43:22+00:00,"📅 Данные SBER за сегодня
Покупки: 4241.0 млн руб
Продажи: 5900.8 млн руб
Дельта: -1659.9 млн руб",[],[],[],True
67604,2025-01-20 11:33:22+00:00,"#Политика
**🌎 Закончится ли конфликт на Украине в 2025 году — что думают в других странах**?

Данные основаны на результатах опроса Ipsos.

Азиаты — главные оптимисты. Более 50% респондентов в Китае, Индонезии и Индии считают вероятным завершение конфликта в текущем году. 

Меньше всех в этом уверены европейцы и японцы.",[],[],[],True
67603,2025-01-20 10:02:00+00:00,#IMOEX,[],[],[],True
67602,2025-01-20 10:00:45+00:00,"#Макро
📊 **Трейдеры закладывают, что следующим шагом ФРС будет повышение ставки, а не снижение** — рынок опционов закладывает 25% вероятность 1 повышения ставки в этом году.",[],[],[],True
67601,2025-01-20 09:58:56+00:00,"#PRMD
**Промомед намерен выйти на рынок Ирака** — Интерфакс

Полученный сертификат соответствия международным стандартам GMP от Минздрава Ирака охватывает широкий спектр стерильных и нестерильных лекарственных форм.

В частности, к регистрации и дальнейшему обращению на территории Ирака планируется около 300 позиций препаратов группы ""Промомед"" в различных формах, наименованиях и дозировках - неврологических, противоопухолевых, антибактериальных, противовоспалительных и прочих.",[],[],[],False
67600,2025-01-20 09:41:56+00:00,"#NVTK
""НОВАТЭК"" СОКРАТИЛ ОКОНЧАНИЕ СТРОИТЕЛЬСТВА ТЕРМИНАЛА ""МУРМАНСКИЙ СПГ"" НА ТРИ ГОДА - ДО 2030Г - МАТЕРИАЛЫ


[NVTK](https://www.tinkoff.ru/invest/stocks/NVTK?utm_source=security_share) 1000.6₽

**Замечено Шпионом РЦБ.
Подключить:** @StockSpy_bot",['NVTK'],['NVTK'],[],False
67598,2025-01-20 09:05:30+00:00,Товарный выпуск основной продукции Акрона за 2024 год остался на уровне предыдущего года и составил 8.4 млн т — компания,[],[],[],True
67597,2025-01-20 08:42:52+00:00,"💸 **Менеджеры хедж-фондов присваивают себе почти половину прибыли от инвестиций **— [FT](https://www.ft.com/content/d66e183c-6d0d-455c-b605-82610a1a4562)

C 1960-х годов фонды получила $1.8 триллиона в виде комиссий, или 49% от валовой прибыли. 

Вплоть до 2000 года комиссия хедж-фонда составляла около трети от общей прибыли, но с тех пор она выросла до половины",[],[],[],False
67596,2025-01-20 08:07:05+00:00,#IMOEX решил не дожидаться инаугурации,[],[],[],True
67595,2025-01-20 07:59:31+00:00,"ЭКСПОРТ ЛЕГКОВЫХ АВТОМОБИЛЕЙ ИЗ КИТАЯ В РФ В 2024Г ВЫРОС НА 30,5%, ДО РЕКОРДНЫХ $15,2 МЛРД - ДАННЫЕ ТАМОЖНИ КНР


**Замечено Шпионом РЦБ.
Подключить:** @StockSpy_bot",[],[],[],False
67594,2025-01-20 07:04:37+00:00,🔥 **#BTC**** обновил истхай — $109588**,[],[],[],True
67593,2025-01-20 06:28:01+00:00,"#ELMT
**ГК «Элемент» купила 50% интернет-провайдера от МФТИ**, который предоставляет услуги интернет-провайдера в подмосковном Долгопрудном — Ведомости

Компания начнет проектировать решения для производителей телекомоборудования.",['MTSS'],[],['MTSS'],False
67592,2025-01-20 06:06:25+00:00,"#Политика
**Россия сохранит подконтрольные ей территории при сделке с Украиной и США** — New York Times

К тому, что Украина не вернет контроль над утраченными территориями, склоняются в окружении и Трампа, и Байдена. Одним из условий Москвы для переговоров было международное признание новых территорий российскими",[],[],[],False
67590,2025-01-20 06:02:01+00:00,"#Политика
🇺🇸 **Трамп планирует подписать десятки указов, как только сегодня вступит в должность**

Указы будут сосредоточены на борьбе с иммиграцией, поощрении нефтяной промышленности и отмене многих решений президента Байдена.",[],[],[],False
67589,2025-01-20 05:55:16+00:00,"#Политика
🇺🇸 **Трамп поручил организовать разговор с Путиным в ближайшие дни после инаугурации** — CNN

Он хочет обсудить проведение личной встречи в ближайшие месяцы.",[],[],[],False
67588,2025-01-17 15:57:24+00:00,"#Политика
🇺🇸 До инаугурации осталось 3 дня",[],[],[],True
67587,2025-01-17 15:34:15+00:00,"⬆️ **#BTC**** $25.623М +0.14%**

🔷 **Аномальный объем BTC**

Объем: $25.623М
Покупка 53% Продажа 47%
Цена: 103119.880

Изменение цены:
  на объеме: +0.14%
  за сегодня: +3.13%

Время: 17.01.2025 17:36:19

**Замечено Шпионом: ****@StockSpy_bot**",[],[],[],False
67586,2025-01-17 15:15:55+00:00,Когда закрываешь неделю в плюсе,[],[],[],True
67585,2025-01-17 14:43:19+00:00,#MGNT +1% за 5 минут,[],[],[],True
67584,2025-01-17 14:27:15+00:00,"#SMLT
Самолет выше 1200",[],[],[],True
67583,2025-01-17 13:36:04+00:00,"#GAZP
**Газпром — максимум с 11 ноября 2024**",[],[],[],True
67582,2025-01-17 11:25:41+00:00,"#Регуляция 
🇺🇸 **Трамп планирует объявить криптовалюту национальным приоритетом, сообщают источники, знакомые с ситуацией** — BBG

[Ожидается](https://www.bloomberg.com/news/articles/2025-01-16/trump-plans-to-designate-cryptocurrency-as-a-national-priority), что указ президента создаст консультативный совет по криптовалютам и прекратит федеральные судебные разбирательства по криптовалютам",[],[],[],False
67581,2025-01-17 11:22:03+00:00,"#TRNFP
**Высокий суд Англии и Уэльса отклонил иск Магомедова к Транснефти на $5 млрд из-за российской подсудности и срока давности** — Интерфакс",[],[],[],False
67580,2025-01-17 10:49:05+00:00,"#Макро
**🇯🇵**** Банк Японии на следующей неделе, вероятно, поднимет ставку до 17-летнего максимума — до 0.5%** — Nikkei

Большинство членов правления Банка Японии, скорее всего, поддержат дополнительное повышение процентной ставки на заседании по ДКП, которое состоится в следующие четверг пятницу",[],[],[],False
67579,2025-01-17 08:31:50+00:00,"#Политика
**🇷🇺**** В Кремле не ожидают изменения позиции США по украинскому конфликту**, несмотря на заявления о готовности к диалогу. Предаваться каким-то чрезмерным ожиданиям не нужно, коренных изменений быть не может — Песков",[],[],[],False
67578,2025-01-17 08:07:06+00:00,"#Политика
🐘 C приходом Трампа начинается новая эпоха, **ЕС пришло время** «**выкинуть санкции из окна**» **и установить отношения с Россией без них**, — премьер Венгрии Орбан",[],[],[],False
67577,2025-01-17 07:48:15+00:00,"#Политика
🇨🇳 Армии Китая и России продвигают практическое сотрудничество на высоком уровне —  Минобороны КНР",[],[],[],False
67576,2025-01-17 07:16:36+00:00,"#Макро #Статистика
**🇨🇳**** Китай: ВВП 4кв2024, г/г

Факт: +5.4%
**Прогноз: +5.0% 
Пред.: +4.6%

**Китай: ВВП 2024 г**
Факт: +5.0%
Пред.: +4.8%

🐉 План правительства выполнен",[],[],[],False
67575,2025-01-17 07:03:25+00:00,"#SBER
**Сбер впервые с 2022 года в декабре снизил кредиты:**

• корпоративные: -1.4% 
• розничные: -0.1%",[],[],[],False
67574,2025-01-17 06:57:43+00:00,"#SBER #SBERP
СБЕРБАНК В 2024Г ПОЛУЧИЛ 1,562 ТРЛН РУБ. ЧИСТОЙ ПРИБЫЛИ ПО РСБУ ПРОТИВ 1,493 ТРЛН РУБ. В 2023Г


[SBER](https://www.tinkoff.ru/invest/stocks/SBER?utm_source=security_share) 281.8₽
[SBERP](https://www.tinkoff.ru/invest/stocks/SBERP?utm_source=security_share) 281.95₽

**Замечено Шпионом РЦБ.
Подключить:** @StockSpy_bot",[],[],[],False
67573,2025-01-17 06:57:34+00:00,"#SBER #SBERP
СБЕРБАНК В ДЕКАБРЕ ПОЛУЧИЛ 117,6 МЛРД РУБ. ЧИСТОЙ ПРИБЫЛИ ПО РСБУ ПРОТИВ 115,6 МЛРД РУБ. ГОДОМ РАНЕЕ


[SBER](https://www.tinkoff.ru/invest/stocks/SBER?utm_source=security_share) 281.8₽
[SBERP](https://www.tinkoff.ru/invest/stocks/SBERP?utm_source=security_share) 281.95₽

**Замечено Шпионом РЦБ.
Подключить:** @StockSpy_bot",[],[],[],False
67572,2025-01-17 06:39:27+00:00,"#YDEX
**Суд отказал инвестору, оставшемуся ""за бортом"" обмена Яндекса: покупая акции на ОТС, он должен был понимать риски** — Интерфакс

Арбитражный суд Калининградской области, ""домашнего"" региона холдингового юрлица ""Яндекса"", второй раз за месяц отклонил иск инвестора, недовольного ходом реструктуризации компании. В этот раз судебное разбирательство касалось условий оферты по обмену акций ""Яндекса"", сопровождавшей разделение его российского и международного бизнеса.",[],[],[],False
67571,2025-01-17 06:17:58+00:00,"#Металлурги #CHMF
Российские производители стали [нарастили](https://www.kommersant.ru/doc/7433545?from=top_main_3) продажи через собственные маркетплейсы по итогам 2024 года — Коммерсантъ

Так, у «Северстали» продажи на площадке «Платферрум» в первой половине 2024 года были на уровне 2023 года, а во втором полугодии выросли более чем на 60%.",[],[],[],True
67570,2025-01-16 18:50:04+00:00,"#Политика
🇮🇱 ХАМАС и Израиль подписали соглашение о прекращении огня в секторе Газа —  телеканал Al Arabiya",[],[],[],False
67569,2025-01-16 17:51:50+00:00,"#Политика
**🇺🇸**** Дональд Трамп пообещал Дании ввести жесткие тарифы в отношении этой европейской страны**, если Копенгаген не откажется от своего владения Гренландией — премьер-министр Дании по итогам телефонного разговора с избранным президентом США.",[],[],[],False
67568,2025-01-16 17:40:00+00:00,РЦБ,[],[],[],True
67567,2025-01-16 16:07:46+00:00,🎢 Лёгким движением свечи #BTC ликвидировал $53 млн лонгов.,[],[],[],True
67566,2025-01-16 14:58:36+00:00,"#SMLT #Бонды
**Самолет объявил о выкупе облигаций на сумму до 10 млрд руб**

В программе выкупа участвую облигации «Самолет»:
БО-П12, ISIN: RU000A104YT6, погашение 11-07-2025
БО-П13, ISIN: RU000A107RZ0, погашение 24-01-2027
БО-П14, ISIN: RU000A1095L7, погашение 22-07-2027
БО-П15, ISIN: RU000A109874, погашение 30-07-2027

Инвесторы могут направить оферту на выкуп **своему брокеру с 28 января по 03 февраля 2025 года**.

Держатели облигаций Самолета могут: 
• либо продать облигации до плановой даты погашения
• либо продолжить держать бумаги для последующей продажи на рынке или до погашения.",[],[],[],False
67565,2025-01-16 14:21:13+00:00,"#Политика
Путин поручил до 15 июля создать семейный инвестиционный инструмент с налоговым вычетом в размере до 1 млн рублей в год.",[],[],[],False
67564,2025-01-16 14:17:36+00:00,"#Политика #IPO
Путин поручил Кабмину и ЦБ простимулировать размещение акций российских акционерных обществ на внутреннем финансовом рынке , а также повышение спроса на акции российских акционерных обществ — Кремль",[],[],[],False
67563,2025-01-16 12:51:55+00:00,"#Политика
**Советники избранного президента Дональда Трампа разрабатывают масштабную стратегию санкций, чтобы способствовать заключению мира между Россией и Украиной в ближайшие месяцы и в то же время оказать давление на Иран и Венесуэлу** — [Bloomberg](https://www.bloomberg.com/news/articles/2025-01-16/trump-team-readies-oil-sanctions-plan-for-russia-deal-iran-squeeze)",[],[],[],True
67562,2025-01-16 12:06:01+00:00,"#MGNZ
**Миноритарии СМЗ, чьи акции истребуются в пользу РФ, могут получить 9,6 тыс. руб. за бумагу**
Представитель Генпрокуратуры РФ рамках судебного заседания об истребовании в пользу РФ акций ОАО ""Соликамский магниевый завод"" (СМЗ) заявил, что госкорпорация ""Росатом"" готова выплатить 405 млн рублей добросовестным миноритариям.

[MGNZ](https://www.tinkoff.ru/invest/stocks/MGNZ?utm_source=security_share) 7440.0₽

👉[Полная новость](http://telegra.ph/Minoritarii-SMZ-chi-akcii-istrebuyutsya-v-polzu-RF-mogut-poluchit-96-tys-rub-za-bumagu-01-16-3)

**Замечено Шпионом РЦБ.
Подключить:** @StockSpy_bot",[],[],[],False
67561,2025-01-16 11:59:43+00:00,"#NVTK
**Десять стран-членов ЕС призывают ввести запрет на российский сжиженный природный газ, усиливая давление на «Ямал СПГ»**

В блок входят скандинавские страны — Дания, Финляндия и Швеция, страны Балтии — Латвия, Литва и Эстония, страны Восточной Европы — Польша, Чехия и Румыния, а также Ирландия.

«В качестве конечной цели необходимо как можно скорее запретить импорт российского газа и СПГ», — говорится в документе.",['NVTK'],['NVTK'],[],False
67560,2025-01-16 11:27:22+00:00,"#SIBN
В Белград направляются российские эксперты, переговоры по компании NIS продолжатся в пятницу -  президент Сербии Вучич",['SIBN'],['SIBN'],[],False
67559,2025-01-16 11:04:40+00:00,"#Политика
**Украинский конфликт поглотил более четверти ликвидных активов России в 2024** — [Bloomberg](https://www.bloomberg.com/news/articles/2025-01-16/war-ate-up-almost-a-quarter-of-russia-s-liquid-assets-in-2024)

Объем ФНБ в 2024 году практически не изменился и составил около 12 трлн рублей ($117 млрд) — данные Минфина.

Однако его денежные средства и инвестиции, которые могут быть легко ликвидированы, сократились на 24% до 3,8 трлн рублей по состоянию на 1 января по сравнению с началом прошлого года, а по сравнению с началом 2022 — сокращение на все 57% 

Согласно расчетам Bloomberg News, стоимость долей ФНБ в облигациях, выпущенных для финансирования таких проектов, выросла на 50% в прошлом году и увеличилась в четыре раза с начала 2022 года. За последние три года его доли в российских компаниях выросли в цене на 44%.",[],[],[],True
67558,2025-01-16 10:29:06+00:00,"Это еще что за новости. На Шпионе РЦБ можно сэкономить, причем целых 10%, если подключить по [**ссылке**](https://t.me/stockspy_bot?start=promo_mem10) для подписчиков ИМ.

А чем этот инструмент полезен трейдеру, можно почитать в  обновленной [инструкции](https://t.me/cbrstocks/67515) с разбором всех функций.",[],[],[],True
67557,2025-01-16 10:20:39+00:00,"#Политика
🇺🇦 Президент Украины Зеленский дал понять, что конфликт, который опустошает его страну, закончится в 2025 году из-за влияния Трампа на Россию — Bloomberg",[],[],[],False
67556,2025-01-16 09:57:02+00:00,"#Политика
🇮🇱 Йеменские хуситы объявили о прекращении боевых действий против Израиля в связи с перемирием в секторе Газа

На данный момент неизвестно подразумевает ли это прекращение ударов по нефтяным танкерам в Красном и Аравийском морях.",[],[],[],False
67555,2025-01-16 09:18:06+00:00,"#NVTK #Отчетность
**🖨 Новатэк: предварительные производственные результаты 2024**

Объем реализации газа: 77.76 млрд кубов (-1.1% г/г)
Добыча газа: 84.08 млрд кубов (+2.1% г/г)

[Подробнее](https://www.novatek.ru/ru/press/releases/index.php?id_4=6921)",['NVTK'],['NVTK'],[],False
67554,2025-01-16 09:11:44+00:00,"📅 Данные GMKN за сегодня
Покупки: 372.6 млн руб
Продажи: 341.4 млн руб
Дельта: 30.9 млн руб",[],[],[],True
67553,2025-01-16 09:08:31+00:00,"⬆️ **#GMKN**** 62.1M₽ +0.38%**

🔷 **Аномальный объем **
[**ГМК Норникель**](https://www.tinkoff.ru/invest/stocks/GMKN?utm_source=security_share)

Объём: 62.1M₽ (51717 лотов)
Покупка: 83% Продажа: 17%
Цена: 120.0₽

Изменение цены:
    на объеме: +0.38%
    за сегодня: +0.45%

Время: 2025-01-16 12:06:43
**Замечено Шпионом РЦБ.**
**Подключить: ****@StockSpy_bot**",['GMKN'],['GMKN'],[],False
67551,2025-01-16 08:14:07+00:00,"#Газ
Газ в Европе снова дешевле $500 за тысячу кубов",[],[],[],True
67550,2025-01-16 08:11:15+00:00,"#Газ
**Трамп отменит требование о продлении разрешений на экспорт СПГ **— Reuters

Не наш слон",['NVTK'],[],['NVTK'],False
67549,2025-01-16 08:07:28+00:00,"#Товары
Медь +10% с начала года",[],[],[],True
67548,2025-01-16 07:47:44+00:00,"#BELU #Отчетность
🖨 Новабев: операционные результаты 2024

Общие отгрузки: 16.2 млн декалитров (-4.2% г/г)
Продажи собственной продукции: 12.8 млн декалитров (-4% г/г)",[],[],[],True
67547,2025-01-16 07:33:12+00:00,"#GAZP
СД Газпрома 28 января обсудит ликвидацию представительств в Брюсселе и Токио",[],[],[],False
67546,2025-01-16 07:00:02+00:00,"#HNFG [ЭЙЧ ЭФ ДЖИ](https://www.tinkoff.ru/invest/stocks/HNFG?utm_source=security_share)
📣 **Существенное событие**

Краткое описание события, наступление которого, по мнению эмитента, оказывает влияние на стоимость или котировки его ценных бумаг: 

16 января 2025. ООО ТАМИ И КО, операционная компания, которая объединяет все салоны сети магазинов мужской одежды, обуви и аксессуаров группы ПАО ЭЙЧ ЭФ ДЖИ объявляет предварительные данные о выручке по итогам декабря 2024 года.

Совокупная выручка за 12 месяцев 2024 года выросла на 24,2% к аналогичному периоду 2023 года и достигла 20,8 млрд рублей. Рост к 12 месяцам 2022 года превысил 67,5%.

Полная выручка
Выручка HENDERSON в декабре 2024 года выросла на 27,6% к декабрю 2023 года и составила 2,8 млрд рублей. Компания показала существенный рост выручки к декабрю 2022 года, составивший 76,0%.

Онлайн-продажи
Динамика роста онлайн-каналов традиционно опережает показатели офлайна. Рост доли онлайн продаж в выручке продолжается. Выручка онлайн продаж HENDERSON в декабре 2024 года выросла на 72,5% к декабрю 2023 года.


Ежемесячный отчет по ключевым операционным показателям за декабрь 2024 Компания раскроет 28 января 2025 года.

👉 [Полный текст сообщения](https://www.e-disclosure.ru/portal/event.aspx?EventId=1-ATpjSmXpU-Cx33NFIJL0Kg-B-B)

**Замечено  Шпионом РЦБ.**
**Подключить:** @StockSpy_bot",[],[],[],False
67545,2025-01-16 06:52:57+00:00,"#SOFL
**ГК Softline купила 51% в ИБ-интеграторе К2-9b Group, может консолидировать 100%**
ГК Softline (ПАО ""Софтлайн"" ) приобрела 51% в группе компаний К2-9b Group, которая занимается комплексной системной интеграцией и внедрением решений в сфере кибербезопасности.

[SOFL](https://www.tinkoff.ru/invest/stocks/SOFL?utm_source=security_share) 121.38₽

👉[Полная новость](http://telegra.ph/GK-Softline-kupila-51-v-IB-integratore-K2-9b-Group-mozhet-konsolidirovat-100-01-16-3)

**Замечено Шпионом РЦБ.
Подключить:** @StockSpy_bot",[],[],[],False
67544,2025-01-16 06:44:15+00:00,"#Ритейл
**Электронная коммерция выросла на четверть по всей России** — Коммерсантъ

Российские потребители в 2024 году на онлайн-заказы, включая покупки товаров на маркетплейсах и оплату услуг, потратили почти на четверть больше, чем годом ранее. 

Такой рост в основном дают регионы, где e-commerce показала рост оборотов на 60–80%. Сейчас на долю средних и небольших городов приходится 76% всех интернет-заказов.",[],[],[],False
67543,2025-01-15 16:13:46+00:00,"#Санкции #SBER #SVCB #BSPB
США частично разрешили операции с банками ""Санкт-Петербург"", ""Зенит"", ""Газпромбанк"", ""Альфа-банк"", ""Сбербанк"", ""Совкомбанк"", ""ВЭБ"" - лицензия Минфина",[],[],[],False
67542,2025-01-15 16:09:42+00:00,"#SIBN #FLOT
США разрешили операции с рядом российский компаний, в том числе с ""Газпром Шельфпроект"", ""Роснефтефлот"", ""Совкомфлот"" и ""Гапром нефть"".",['SIBN'],['SIBN'],[],False
67541,2025-01-15 16:01:20+00:00,"ИНФЛЯЦИЯ В РФ В 2024Г. СОСТАВИЛА 9,52% ПОСЛЕ 7,42% В 2023 Г. - РОССТАТ


**Замечено Шпионом РЦБ.
Подключить:** @StockSpy_bot",[],[],[],False
67540,2025-01-15 16:00:32+00:00,"ИНФЛЯЦИЯ В РФ В ДЕКАБРЕ ЗАМЕДЛИЛАСЬ ДО 1,32% (ЭКОНОМИСТЫ ОЖИДАЛИ УСКОРЕНИЯ ДО 1,57%) С 1,43% В НОЯБРЕ - РОССТАТ


**Замечено Шпионом РЦБ.
Подключить:** @StockSpy_bot",[],[],[],False
67539,2025-01-15 16:00:17+00:00,"ИНФЛЯЦИЯ В РФ С 1 ПО 13 ЯНВАРЯ СОСТАВИЛА 0,67% - РОССТАТ


**Замечено Шпионом РЦБ.
Подключить:** @StockSpy_bot",[],[],[],False
67538,2025-01-15 15:08:21+00:00,"#GMKN
Динамика корзины металлов Норникеля с начала года

Медь — +9%
Палладий — +5%
Никель — +3.7%
Платина — +3%",['GMKN'],['GMKN'],[],True
67537,2025-01-15 14:38:58+00:00,"**⚡️****⚡️****⚡️**** Сегодняшние новости о регистрации выпуска обыкновенных акций МКПАО «СКИЛБОКС ХОЛДИНГ» носят технический характер и не означают подготовки к IPO, считает источник РДВ.** #шок_новости #VKCO

Ранее ряд телеграм-каналов сообщил, что дочка VK (VKCO) Skillbox готовится к проведению IPO.

😀 @AK47pfl",[],[],[],False
67536,2025-01-15 13:37:18+00:00,📈**#BTC**** выше $98 000**,[],[],[],True
67535,2025-01-15 13:36:43+00:00,"#Золото
Реакция золота на данные по инфляции в США",[],[],[],True
67534,2025-01-15 13:34:03+00:00,"#Макро #Статистика
**🇺🇸**** 💥 Базовая потребительская инфляция в США (м/м)**

**Факт:** 0.2%
Прогноз: 0.3%
Пред.: 0.3%

**🇺🇸**** 💥 Потребительская инфляция в США (м/м)**

**Факт:** 0.4%
Прогноз: 0.4%
Пред.: 0.3%",[],[],[],False
67533,2025-01-15 13:03:57+00:00,"Мрачную в целом картину нарисовал Алексей Громов (https://t.me/IEFnotes/1025):

Про СПГ:

1. Важнейшей проблемой для отрасли стали ограничения, вводимые против российских производителей СПГ. Фактический запрет на продажу нашим компаниям судов-газовозов подорвал потенциал развития отечественной СПГ-индустрии. Это самый серьезный вызов, и для преодоления его потребуется гораздо больше времени, чем предполагалось.

У нас нет возможностей для вывоза произведенного газа, имеющегося флота не хватает, и справиться быстро с этой проблемой, увы, не получится. Создание своего флота газовозов требует не меньших усилий, чем разработка и внедрение собственных технологий по сжижению природного газа.

Для развития арктических проектов «Ямал СПГ» и «Арктик СПГ-2» нужны не просто СПГ-танкеры, а газовозы ледового класса – такие суда в мире наперечет. Задача номер один для отрасли – заполучить такие суда. По возможности взять то, что имеется на мировом рынке, и ускорить строительство собственных газовозов, которые заложены на судоверфи «Звезда». Я знаю, что их выпуск сдвигается, но компания НОВАТЭК прикладывает все усилия, чтобы ускорить постройку.

2. Сегодня основной объем производимого у нас СПГ реализуется на европейском рынке. И есть серьезные опасения, что в 2025 году Евросоюз по политическим причинам введет эмбарго на поставки нашего СПГ. Это будет еще один сильный и очень болезненный удар, потому что поставки в Азию – это совершенно другая логистика, другая маржинальность…

**Я более чем уверен, что такое эмбарго будет введено. В наступившем году или позже – пока вопрос. Если его решат ввести в 2025-м, то, скорее всего, это случится по завершении текущего осенне-зимнего отопительного сезона.**

Про трубопроводный газ:

3. Мы должны понимать, что история российских поставок трубопроводного газа в Европу заканчивается. Остается считаное число стран, которые будут получать наш газ тем или иным способом, в первую очередь через «Турецкий поток», – Сербия, Венгрия, отчасти Словакия. Австрия из этого уравнения уже исключена. Поэтому рассматривать прекращение украинского транзита в качестве серьезного вызова на 2025 год я бы не стал: рынок к этому адаптировался.

Про вложения нефтегазовых компаний в развитие:

4. Пока мы видим, что инвестиционные программы нефтегазовых компаний сокращаются более чем на 20%. Некоторые игроки заявляют о 25%. Это серьезные сокращения, которые в первую очередь коснутся долгосрочных проектов: сейчас замораживаются вложения в геологоразведку, в строительство новых объектов добычи и переработки.

**Классический пример – инвестиционная программа НОВАТЭК. На Дальневосточном экономическом форуме представители компании объявили, что по совокупности причин не планируют создание новых СПГ-заводов на территории Российской Федерации и сосредоточатся на поддержании успешной и эффективной операционной деятельности в текущих масштабах.**

Что делать?

5. В газовой сфере Россия продолжит политику диверсификации экспорта трубопроводного газа. По просьбе Пекина мы на год раньше срока выходим на проектные объемы поставок в Китай. По итогам 2024-го было прокачано 30 млрд кубометров газа, а начиная с этого ожидается 38 млрд. Будем увеличивать поставки в страны Центральной Азии. Предполагаю, что еще одна стратегическая задача – ускорение строительства флота для вывоза российского СПГ и тестирование новых логистических схем для доставок в Азию. **Дело в том, что уже введен запрет на реэкспорт нашего СПГ через европейские порты, эти пути закрыты, поэтому надо найти какую-то альтернативу для длинных маршрутов. За ближайший год мы должны полностью подготовиться к уходу с европейского рынка.**",['NVTK'],[],['NVTK'],True
67532,2025-01-15 12:27:14+00:00,"#Макро
**ВВП в Германии снижается 2 года подряд.** Последний раз такое было в 2002-03 гг.",[],[],[],True
67531,2025-01-15 11:45:37+00:00,"#GAZP
Никаких проблем с прокачкой газа по Турецкому потоку после нападения на компрессорную станцию нет — глава минэнерго Турции",[],[],[],False
67530,2025-01-15 11:41:13+00:00,"#FLOT
Уже 270 российских танкеров под санкциями. Сильнее всех наши суда недолюбливают в США",[],[],[],True
67529,2025-01-15 11:20:32+00:00,"☺️😊😇🙂 **Справедливая цена акций ГМК** **Норникель (**[**GMKN**](https://neo.putinomics.ru/dashboard/GMKN/MOEX)**) 165 руб., потенциал роста +37%. **#оценка

😀 @AK47pfl",['GMKN'],[],['GMKN'],True
67528,2025-01-15 11:16:53+00:00,"#Товары
**🇨🇳**** Китай начнет субсидировать покупки электроники и техники, чтобы стимулировать спрос**

Китай начнет выплачивать субсидии до 500 юаней (7 000 руб) на мобильные устройства и до 2000 юаней (28 000 руб) на бытовую технику. 

**Стимулирование спроса на покупку в электронике позволит также поддержать и спрос на медь** — электроника и бытовая техника являются важными секторами использования меди.",['MVID'],[],['MVID'],False
67527,2025-01-15 11:10:33+00:00,"#GMKN
**Индонезия планирует сократить добычу никеля**, **что сократит глобальное предложение на 35% и приведет к росту цен на металл** — [Bloomberg](https://www.bloomberg.com/news/articles/2025-01-09/indonesia-nickel-move-may-cut-global-supply-35-macquarie-says)

Индонезия, крупнейший мировой производитель никеля, рассматривает возможность сокращения квот на добычу в 2025 году, что может снизить глобальное предложение металла более чем на 35%. 

Планируемые квоты могут уменьшиться с 272 млн тонн до 150 млн тонн — снижение на 40% по сравнению с базовым прогнозом Macquarie. 

**2025 год может стать годом никеля. **Как ожидается, цены на металл будут расти за счет:
• Сильное сокращения предложения
• Стимулирующих экономических мер экономики
• Возможные тарифы США в отношении Китая.

🧠 **Снижение предложения способно поднять мировые цены, что положительно отразится на выручке и рентабельности Норникеля**, считает Мозговой центр Сигналов РЦБ.",['GMKN'],['GMKN'],[],True
67526,2025-01-15 10:17:49+00:00,"#Политика
🇨🇦** Если Канада станет 51-м штатом США, в рейтинге штатов она займет:**

• 4 место по ВВП
• 50-е место по ВВП на душу населения
• 1 место по количеству взрослых с высшим образованием
• 1 место по продолжительности жизни
• 46 место по количеству убийств на 100 тыс. населения",[],[],[],True
67525,2025-01-15 09:30:01+00:00,"#GMKN
**Динамика акций Норникеля в долларах с 2005 года**",['GMKN'],['GMKN'],[],True
67524,2025-01-15 09:15:43+00:00,"**Переток капитала на российском рынке: от санкционных рисков к уникальным возможностям**. #аналитика 

В условиях текущих санкций и глобальных трендов инвесторы могут переоценить свои позиции. Компании, на которые санкции оказывают прямое воздействие, такие как НОВАТЭК ([NVTK](https://neo.putinomics.ru/dashboard/NVTK/MOEX)), теряют привлекательность. Западные ограничения уже затронули ключевые активы компании: Арктик СПГ-2, Криогаз-Высоцк и флот газовозов. Кроме того, экспорт СПГ сталкивается с ограничениями инфраструктуры и логистики. При текущей цене акций 997 рублей их фундаментальная стоимость оценивается **в 915 рублей, что предполагает снижение на 8%.**

На фоне этого капитал может перейти в акции компаний с меньшими санкционными рисками и уникальными конкурентными преимуществами. Примером является Норникель **(**[GMKN](https://neo.putinomics.ru/dashboard/GMKN/MOEX)) — мировой лидер в производстве никеля и палладия, востребованных в зеленой энергетике и высоких технологиях. **При текущей цене акций 124 рубля их потенциал роста оценивается в 37% — до 165 рублей.** Восстановление цен на промышленные металлы и низкие мультипликаторы делают Норникель интересным для инвесторов, ищущих стабильность и перспективы роста.

Российский рынок движется к концентрации капиталов в компаниях с уникальными активами и меньшей зависимостью от геополитических факторов.

😀 @AK47pfl","['NVTK', 'GMKN']",[],"['GMKN', 'NVTK']",False
67523,2025-01-15 08:54:16+00:00,"#NKHP
НКХП В 2024Г ОБНОВИЛ РЕКОРД ПО ПЕРЕВАЛКЕ ЗЕРНА, ОТГРУЗИВ 8,4 МЛН ТОНН - ОЗК


[NKHP](https://www.tinkoff.ru/invest/stocks/NKHP?utm_source=security_share) 643.5₽

**Замечено Шпионом РЦБ.
Подключить:** @StockSpy_bot",[],[],[],False
67522,2025-01-15 08:21:46+00:00,"#Электрокары
Goldman ожидает, что Xiaomi продаст 350 тыс. своих электромобилей в 2025 году (предыдущий прогноз — 290 тыс. авто) и 655 тыс. в 2026 году",[],[],[],False
67521,2025-01-15 08:09:58+00:00,"#Газ
**🇺🇸**** В США еще один терминал по экспорту сжиженного газа отправил первую партию СПГ **— [EIA](https://www.eia.gov/todayinenergy/detail.php?id=64224&utm_source=Twitter&utm_medium=EIAsocial&utm_id=FirstUpdate#)

26 декабря 2024 года Plaquemines LNG — восьмой экспортный терминал сжиженного природного газа (СПГ) в США — отгрузил свой первый груз после начала производства СПГ в середине декабря.",['NVTK'],[],['NVTK'],True
67520,2025-01-15 08:03:28+00:00,"#Санкции
**ЕС рассматривает возможность постепенного запрета российского СПГ и алюминия** — [Bloomberg](https://www.bloomberg.com/news/articles/2025-01-14/eu-considers-gradual-ban-on-russian-lng-and-aluminum?srnd=homepage-europe)

Меры станут частью 16-го пакета санкций блока.  Как ожидается, новый пакет санкций включит:

**• Запрет на поставку СПГ из России.** Мера может быть реализована в виде санкций или дорожной карты, которую ЕС должен представить в феврале. #NVTK
**• Ограничения на поставки алюминия.** Меры будут приниматься постепенно, а временные рамки и масштабы ограничений еще не определены #RUAL
**• Ограничения для предполагаемого теневого флота РФ**. Под санкции попадут десятки судов, перевозящих нефть. #FLOT

Санкции против СПГ могут привести к расторжению контрактов с российскими поставщиками. 

По словам европейских чиновников, запрет на СПГ из РФ осуществить проще, чем запрет на трубопроводный газ. Группа стран, включая Венгрию и Словакию все еще зависят от Газпрома и блокируют расширение санкций.

Основные покупатели российского СПГ в Европе — Испания, Бельгия и Франция — вряд ли будут выступать против санкций в отношении РФ.","['RUAL', 'NVTK']","['NVTK', 'RUAL']",[],False
67519,2025-01-15 07:01:02+00:00,"#FIXP
**Fix Price в 2024 году увеличил сеть на 751 магазин, в 2025 планирует открыть не менее 700**",[],[],[],False
67518,2025-01-15 06:54:07+00:00,"#Нефтянка
**Танкерные перевозки нефти резко подорожали** — Коммерсантъ

Санкции против российского нефтяного сектора и нефтяного флота привели к дефициту емкостей для перевозки российской нефти и значительно повлияли на мировые ставки фрахта.

Санкции США против российского нефтяного сектора и 183 танкеров привели к росту ставок фрахта как для судов, перевозящих российскую нефть, так и в целом на мировом рынке танкерных перевозок. 

Как сообщило S&P Global, ставки фрахта танкеров Aframax при поставке смеси ВСТО из порта Козьмино в Северный Китай 13 января подскочили до $2 млн, в то время как 10 января, по данным Platts, составляли $1.625 млн. Reuters фиксирует рост более чем вдвое, до $3.5 млн.

**Источники S&P Global говорят, что судовладельцы на фоне дефицита вместимости на этом направлении запрашивали и по $5 млн.**",[],[],[],False
67517,2025-01-15 06:13:00+00:00,"#UTAR
**""ЮТэйр"" в 2024г. увеличила перевозки пассажиров самолетами на 5,7%, вертолетами - на 7,4%**
Группа ""ЮТэйр"" в 2024 году перевезла самолетами и вертолетами 7 млн 77,168 тыс. пассажиров, сообщила пресс-служба компании.

[UTAR](https://www.tinkoff.ru/invest/stocks/UTAR?utm_source=security_share) 13.17₽

👉[Полная новость](http://telegra.ph/YUTehjr-v-2024g-uvelichila-perevozki-passazhirov-samoletami-na-57-vertoletami---na-74-01-15-2)

**Замечено Шпионом РЦБ.
Подключить:** @StockSpy_bot",[],[],[],False
67516,2025-01-15 05:54:23+00:00,"#Авиа
Российские авиаперевозчики с 2022 года избавили от двойной регистрации как минимум 365 иностранных самолетов, оставшихся в России — Коммерсантъ

Это более половины зарубежного авиапарка РФ, который обеспечивает 95% перевозок. С учетом SSJ-100 теперь за рубеж могут летать более 500 лайнеров.",[],[],[],False
67515,2025-01-14 15:32:35+00:00,"❗️ **Обновленная инструкция по Шпиону РЦБ**

Подробный разбор всех функций: с описанием и возможными стратегиями их использования в своей торговле. 

**Пользователю Шпиона РЦБ доступны следующие функции**
• Дельта
• Рейтинг акций по покупкам и продажам/
• Доступ к чату с аналитиком и другими пользователями
• Аномальные объемы
• Аномальные лимитки
• Моментальные новости из первоисточников
• Раскрытие корпоративной информации

Все эти функции подробно описаны в инструкции:

[👉 ЧИТАТЬ РУКОВОДСТВО](https://dzen.ru/a/Z4T3vjatYHRrNAs6)

Обязательно к прочтению перед подключением

[👉](https://dzen.ru/a/Z4T3vjatYHRrNAs6) [ПОДКЛЮЧИТЬСЯ К ШПИОНУ](https://t.me/StockSpy_bot)",[],[],[],True
67514,2025-01-14 14:27:22+00:00,Торгуем теперь так,[],[],[],True
67513,2025-01-14 14:10:41+00:00,"**Было время строить жилье, потом настало время мобилизовываться, что дальше?** #государево_дело

Еще летом 2023 года руководство страны называло стройку ""[локомотивом экономики](https://www.rbc.ru/rbcfreenews/64d8ab429a794779db464e92)"". Однако в конце 2023, в начале 2024 года вектор политики резко поменялся: мы с вами увидели отмену массовой программы льготной ипотеки, ""запретительную"" ставку по рыночной ипотеке (25%+), лимиты на объем выдачи ""президентской"" семейной ипотеки.

**Что произошло?**
✍️ Борьба с инфляцией.
✍️ Желание перетянуть все больше ресурсов (бюджетных, трудовых, даже предпринимательских) в нечувствительную к процентной ставке СВО часть экономики из неСВО части (в т.ч. строительства).
**
Эти меры привели к кризису в строительной отрасли:**
✍️ Выдача ипотек за январь-ноябрь 2024 года упала на 34% г/г.
✍️ Ввод жилья в многоквартирных домах за это же время упал на 19% г/г.
✍️ По прогнозам, запуски новых проектов в жилье в 2025 [сократятся](https://xn--d1aqf.xn--p1ai/upload/iblock/f4f/5ajkzl492a53fjqp296255dnxixo337i.pdf) на 30%.

После чего власти похоже поняли, что ""перестарались"". Судя по риторике Президента и правительства, мы с вами видим, что власти готовы снова заниматься стройкой и понимают важность сектора для экономики:
✍️ 19 декабря на ""Итогах года"" Президент заявил, что семейная ипотека [не должна](https://iz.ru/1814189/2024-12-26/khusnullin-raskryl-podrobnosti-o-sniatii-limitov-po-semeinoi-ipoteke) иметь никаких лимитов.
✍️ 20 декабря ЦБ РФ неожиданно [смягчил](https://t.me/AK47pfl/19109) денежно-кредитную политику, ссылаясь, в том числе, на [""сверку часов""](https://t.me/AK47pfl/19114) с правительством и бизнес-сообществом.
✍️ 9 января Президент на совещании с членами правительства [попросил](https://iz.ru/1819554/2025-01-09/putin-poprosil-kak-mozhno-skoree-predstavit-predlozheniia-po-ipotechnoi-podderzhke) как можно скорее представить ему предложения по ипотечным мерам, чтобы оказать поддержку гражданам и застройщикам.

Сектору будет проще с этими мерами. А ускорить процесс роста строительства может окончание СВО.

😀 @AK47pfl",[],[],[],False
67512,2025-01-14 13:32:35+00:00,🚀 **#BTC**** выше $97 000**,[],[],[],True
67511,2025-01-14 13:31:36+00:00,"#Макро
**США  - проминфляция PPI (дек) **
м/м** = **+0.2% (ранее +0.4%) 
г/г** = **+3.3% (ранее +3%)",[],[],[],False
67510,2025-01-14 13:05:31+00:00,"#Политика
🇺🇦 Не исключено, что в наступившем году Украина прекратит существование — помощник президента РФ Патрушев",[],[],[],False
67509,2025-01-14 11:59:30+00:00,"#LKOH
ГЛАВОЙ ЛУКОЙЛА ВМЕСТО ВОРОБЬЕВА СТАНЕТ СЕРГЕЙ КОЧКУРОВ - РАСКРЫТИЕ


[LKOH](https://www.tinkoff.ru/invest/stocks/LKOH?utm_source=security_share) 7043.5₽

**Замечено Шпионом РЦБ.
Подключить:** @StockSpy_bot",['LKOH'],['LKOH'],[],False
67508,2025-01-14 11:49:46+00:00,"#LKOH
**СД Лукойла рассматривает вопрос о смене СЕО Воробьева**, после того как тот попал под санкции США",['LKOH'],['LKOH'],[],False
67507,2025-01-14 11:00:19+00:00,"#AFLT
**Пассажиропоток группы Аэрофлот в 2024г ожидаемо вырос на 17%, в декабре рост замедлился до 7%**
Пассажиропоток группы ""Аэрофлот"" в 2024 году вырос на 16,8%, до 55,3 млн человек, сообщила компания во вторник: на внутренних линиях перевезено 42,6 млн пассажиров (+12,8%), на международных - 12,7 млн (+32,7%).

[AFLT](https://www.tinkoff.ru/invest/stocks/AFLT?utm_source=security_share) 61.61₽

👉[Полная новость](http://telegra.ph/Passazhiropotok-gruppy-Aehroflot-v-2024g-ozhidaemo-vyros-na-17-v-dekabre-rost-zamedlilsya-do-7-01-14-3)

**Замечено Шпионом РЦБ.
Подключить:** @StockSpy_bot",[],[],[],False
67506,2025-01-14 10:51:23+00:00,"#VTBR
**Костин подтвердил прогнозы ВТБ по прибыли на 2024 и 2025гг**
Глава ВТБ Андрей Костин подтвердил прогнозы по прибыли группы на 2024 и 2025 годы: по-прежнему планирует заработать 550 млрд рублей в прошлом году и порядка 400 млрд рублей в текущем.

[VTBR](https://www.tinkoff.ru/invest/stocks/VTBR?utm_source=security_share) 81.52₽

👉[Полная новость](http://telegra.ph/Kostin-podtverdil-prognozy-VTB-po-pribyli-na-2024-i-2025gg-01-14)

**Замечено Шпионом РЦБ.
Подключить:** @StockSpy_bot",['VTBR'],['VTBR'],[],False
67505,2025-01-14 09:50:34+00:00,"#Политика
🇷🇺 Считаем, что нужно встречаться с Трампом, но сначала ему нужно заехать в свой офис в Белом доме — Лавров",[],[],[],False
67504,2025-01-14 09:09:27+00:00,"#Политика
Проработка контактов РФ—США на высоком и высшем уровне сейчас не ведется — замглавы МИД РФ Рябков",[],[],[],False
67503,2025-01-14 08:48:46+00:00,#GAZP — максимум с ноября,[],[],[],True
67502,2025-01-14 08:41:56+00:00,"#Политика
🇺🇸🇷🇺 Определенные каналы контактов между Москвой и Вашингтоном есть, в том числе по дипломатической линии — пресс-секретарь президента РФ Песков",[],[],[],False
67501,2025-01-14 08:40:27+00:00,"**📅 **[**Дельта FLOT**](https://t.me/stockspy_bot)** за сегодня**
Покупки: 683.5 млн руб
Продажи: 751.7 млн руб
Дельта: -68.2 млн руб

Накопленные данные со дня ввода санкций
Покупки: 2628.9 млн руб
Продажи: 3075.2 млн руб
Дельта: -445.6 млн руб",[],[],[],True
67500,2025-01-14 08:38:42+00:00,"#Политика
**🇷🇺**** Началась пресс-конференция главы МИД РФ Лаврова по итогам работы российской дипломатии**

👉 [Трансляция](https://vkvideo.ru/video-15722194_456288511?z=video-15722194_456288511%2F%2F%40kpru)",[],[],[],True
67499,2025-01-14 08:34:14+00:00,"⬆️ **#GAZP**** 157.0M₽ +0.80%**

🔷 **Аномальный объем **
[**Газпром**](https://www.tinkoff.ru/invest/stocks/GAZP?utm_source=security_share)

Объём: 157.0M₽ (118715 лотов)
Покупка: 87% Продажа: 13%
Цена: 132.25₽

Изменение цены:
    на объеме: +0.80%
    за сегодня: +0.59%

Время: 2025-01-14 11:33:45
**Замечено Шпионом РЦБ.**
**Подключить: ****@StockSpy_bot**",[],[],[],False
67498,2025-01-14 08:23:47+00:00,"#Газ
Газ в Европе дороже $500 за тысячу кубов",[],[],[],True
67497,2025-01-14 08:08:45+00:00,"#Макро
69% инвесторов с оптимизмом смотрят на будущее российского рынка акций — опрос Сигналов РЦБ",[],[],[],False
67495,2025-01-14 07:56:35+00:00,"#Макро
66% россиян с оптимизмом смотрят в будущее — опрос ВЦИОМ",[],[],[],False
67494,2025-01-14 07:42:01+00:00,"#Политика
🇺🇸 Избранный президент США Дональд Трамп не заинтересован в судьбе Украины и не считает конфликт стратегически важным для интересов США — Bloomberg",[],[],[],False
67493,2025-01-14 07:27:02+00:00,"#MOEX #ОбъемТоргов 
💥** Мосбиржа опубликовала результаты торгов в декабре 2024**

Общий объем торгов 142.3 трлн руб (+1.9% г/г)
Рынок акций, расписок и паев 3.8 трлн руб. (+81% г/г)
Рынок облигаций 4.3 трлн руб (+115% г/г)
Срочный рынок 11.9 трлн. руб. (+35.2% г/г)
Денежный рынок 110.0 трлн руб. (+28.8% г/г)",[],[],[],False
67492,2025-01-14 07:01:33+00:00,"#MOEX
**Московская биржа подвела итоги торгов в декабре 2024 года**
Общий объем торгов на рынках Московской биржи в декабре 2024 года составил 142,3 трлн рублей.

👉[Полная новость](https://www.moex.com/n76855)

**Замечено Шпионом РЦБ.
Подключить:** @StockSpy_bot",[],[],[],False
67491,2025-01-14 06:58:03+00:00,"#FLOT
СОВКОМФЛОТ: НОВЫЕ САНКЦИИ ПРОТИВ СУДОВ КОМПАНИИ СОЗДАЮТ ДОПОЛНИТЕЛЬНЫЕ ОПЕРАЦИОННЫЕ СЛОЖНОСТИ, РАБОТА ПО МИНИМИЗАЦИИ ВЛИЯНИЯ ОГРАНИЧЕНИЙ ПРОДОЛЖИТСЯ


[FLOT](https://www.tinkoff.ru/invest/stocks/FLOT?utm_source=security_share) 86.39₽

**Замечено Шпионом РЦБ.
Подключить:** @StockSpy_bot",[],[],[],False
67490,2025-01-14 06:49:21+00:00,"#Политика
🇨🇳 Китайское правительство рассматривает план, согласно которому Илон Маск приобретет американские подразделения TikTok, чтобы не допустить фактического запрета приложения — Bloomberg

Представитель TikTok в электронном письме CNBC заявил: «От нас нельзя ожидать комментариев по поводу чистой выдумки».",[],[],[],False
67489,2025-01-14 06:43:46+00:00,"#Политика
🇺🇸 Советники президента США Джо Байдена убеждают страны Европы поддержать перевод замороженных активов РФ на сумму $300 млрд на спецсчет, **который будет разблокирован только в рамках заключения мирного соглашения по Украине**, однако европейцы настроены скептично — CNN со ссылкой на высокопоставленных чиновников администрации американского лидера.",[],[],[],False
67488,2025-01-14 06:38:43+00:00,"#Политика
🇺🇸 Республиканцы в Конгрессе США [подготовили](https://www.kommersant.ru/doc/7431265) законопроект, позволяющий избранному президенту Дональду Трампу сразу после вступления в должность начать переговоры о покупке Гренландии",[],[],[],False
67487,2025-01-13 16:11:09+00:00,"**Дельта — разница между покупками и продажами рыночными приказами в акциях.** #рдв_образовательный

Индикатор позволяет понять настроения в акциях, увидеть ложные и истинные пробои уровней, найти точку входа.

**Зачем следить за индикатором Дельта**
✍️ **Определение рыночного настроения:** Положительная дельта указывает на преобладание покупок, что может свидетельствовать о бычьем настроении. Отрицательная дельта показывает доминирование продаж, указывая на медвежье настроение.
✍️ **Подтверждение трендов:** Если цена растет вместе с положительной дельтой, это подтверждает силу восходящего тренда. Если цена падает при отрицательной дельте, это подтверждает нисходящий тренд.
✍️ **Обнаружение дивергенций:** Если цена растет, а дельта становится отрицательной, это может указывать на ослабление тренда и возможный разворот.

**Польза индикатора Дельта при анализе рынка**
✍️ **Идентификация уровней поддержки и сопротивления:** Значительные изменения дельты на определенных ценовых уровнях могут указывать на важные уровни поддержки или сопротивления.
✍️ **Анализ объемов:** Дельта помогает понять, сопровождается ли движение цены значительными объемами, что повышает вероятность продолжения тренда.
✍️ **Принятие торговых решений:** Понимание баланса между покупателями и продавцами позволяет принимать более обоснованные решения о входе или выходе из позиции.

**Стратегия торговли с дельтой**
Один способов трейдинга с помощью дельты — торговля на выходе из боковика.

Когда акция после роста входит в боковик, важно следить за динамикой дельты. Если показатель продолжает расти, высока вероятность, что при пробое верхней границы боковика мы увидим импульсивный рост. На нисходящем тренде ситуация обратная.

**Как следить за дельтой?**
Дельта — уникальная разработка [Шпиона РЦБ](https://t.me/stockspy_bot). Подписчики продукта могут следить за динамикой дельты практически любой акции, а также индекса Мосбиржи. 

Графики строятся автоматически по вашему запросу. 

👉 [Следить за дельтой](https://t.me/stockspy_bot) [в шпионе РЦБ.](https://t.me/stockspy_bot)

😀 @AK47pfl",[],[],[],True
67485,2025-01-13 15:31:43+00:00,"#Нефтянка #Макро
🇷🇺 **Доходы РФ в виде налогов от продажи нефти выросли почти на треть в 2024 году **— Bloomberg

Налоговые доходы в 2024 году составили 9.19 трлн руб (7.04 трлн годом ранее) за счет роста стоимости цены нефти Urals и слабого рубля. 

Москва адаптировалась к ограничениям, включая запрет Европейского союза на импорт российской нефти, используя огромный теневой флот танкеров и перенаправляя продажи нефти азиатским клиентам.",[],[],[],True
67484,2025-01-13 14:57:12+00:00,"#Газ 
**🇪🇺**** Верфи ЕС ремонтируют российские танкеры ледового класса и предоставляют им услуги сухих доков,** что позволяет Москве продолжать транспортировку газа по Арктике, несмотря на западные санкции в отношении энергетического сектора — FT

Согласно спутниковым снимкам и данным о заходах в порты, на двух верфях обслуживались 14 из 15 специализированных танкеров Arc7, которые перевозят СПГ с «Ямал СПГ». Некоторые суда заходили в порты несколько раз.

Восемь танкеров заходили в Damen (Франция), а Fayard (Дания) обслуживал девять судов с момента начала СВО. 

**Компания Damen подтвердила, что отремонтировала «несколько судов, участвовавших в перевозке российского СПГ»**, но добавила, что это «строго соответствовало европейскому законодательству о санкциях».",['NVTK'],[],['NVTK'],False
67483,2025-01-13 14:35:21+00:00,**📉**** ****#BTC**** летит к $90 000 на открытии американского рынка.**,[],[],[],True
67482,2025-01-13 14:25:27+00:00,"❗️ **Обновленная инструкция по Шпиону РЦБ**

Подробный разбор всех функций: с описанием и возможными стратегиями их использования в своей торговле. 

**Пользователю Шпиона РЦБ доступны следующие функции**
• Дельта
• Рейтинг акций по покупкам и продажам/
• Доступ к чату с аналитиком и другими пользователями
• Аномальные объемы
• Аномальные лимитки
• Моментальные новости из первоисточников
• Раскрытие корпоративной информации

Все эти функции подробно описаны в инструкции:

[👉 ЧИТАТЬ РУКОВОДСТВО](https://dzen.ru/a/Z4T3vjatYHRrNAs6)

Обязательно к прочтению перед подключением

[👉](https://dzen.ru/a/Z4T3vjatYHRrNAs6) [ПОДКЛЮЧИТЬСЯ К ШПИОНУ](https://t.me/StockSpy_bot)",[],[],[],True
67481,2025-01-13 13:52:35+00:00,"#CARM
Акционеры Carmoney одобрили допэмиссию акцию по закрытой подписке. Цена размещения будет установлена позднее.",[],[],[],False
67480,2025-01-13 12:25:30+00:00,"#Политика
**Россия и Иран заключат договор о всеобъемлющем стратегическом партнёрстве** — Кремль

Путин в пятницу проведёт переговоры с президентом Ирана, который приедет в Москву. Такое же соглашение Россия заключила с КНДР. Договор подразумевает оказание взаимной военной помощи.",[],[],[],False
67479,2025-01-13 12:14:33+00:00,"#Металлурги
**Металлурги РФ **[**сократили**](https://metallplace.ru/news130125_11/)** производство стали и проката в 2024 году**

В 2024 году предприятия чёрной металлургии России выпустили 70.7 (-6.6% г/г) млн тонн стали и 61.8 (-5.7% г/г) млн тонн готового проката.

В декабре объёмы производства стали в металлургической отрасли снизились на 3.2% г/г.

За год стальных труб было произведено 12.6 млн тонн (-4.7% г/г)",[],[],[],True
67478,2025-01-13 12:10:23+00:00,"#Нефтянка
**Goldman Sachs о рисках, связанных с санкциями в отношении нефтяного сектора РФ**

• Оценка Goldman Sachs: санкции затронут суда, перевозившие 1,7 млн баррелей нефти в сутки (25% экспорта РФ).

• Несмотря на неопределенность, **базовый прогноз по добыче и ценам нефти в России остается неизменным.** Три ключевых причины:

1️⃣ Россия может давать скидки для стимулирования поставок.
2️⃣ США скорее сфокусируются на сокращении нефтяных доходов Ирана, а не России.
3️⃣ Рост переработки и экспорта нефтепродуктов может смягчить ограничения на экспорт сырой нефти.

**Краткосрочный риск роста цен**: прогноз диапазона Brent $70–85 за баррель теперь смещен вверх. Возможен рост до $90, если добыча в России сократится на 1 млн б/д, а в Иране – на аналогичный объем, но на более длительный срок.

**Долгосрочное влияние ограничено:** предполагается, что OPEC+ компенсирует снижение предложения за счет свободных мощностей.

**Рынки нефти, перевозок и дистиллятов уже заложили риск перебоев**: вероятность падения поставок на 2 млн б/д в ближайшие 6 месяцев выросла на 25 п.п.",[],[],[],True
67477,2025-01-13 11:49:35+00:00,"#Политика
🇩🇰🇺🇸 Дания подтвердила готовность к диалогу с Трампом по арктическим территориям — глава МИД Дании",[],[],[],False
67476,2025-01-13 11:22:10+00:00,"#Нефтянка
**3 российских танкера, которые в сумме перевозят более 2 млн баррелей нефти и должны были прибыть в порты в Китае, изменили курс и стоят в открытом море** — Bloomerg",[],[],[],True
67475,2025-01-13 11:11:38+00:00,"Время идет, вкусы меняются…",[],[],[],True
67474,2025-01-13 10:06:49+00:00,"#Политика
**🇨🇳**** Китай строит новые мобильные пирсы для возможного вторжения в Тайвань** — FT",[],[],[],False
67473,2025-01-13 09:59:03+00:00,"#Нефянка
Шесть стран ЕС призывают G7 снизить потолок цен на российскую нефть",[],[],[],False
67472,2025-01-13 09:57:54+00:00,"#Нефтянка
🛢 **Китай в 2024 году снизил импорт нефти на 1.9%, увеличил закупку нефтепродуктов на 1%** — Интерфакс

Стоимость приобретенного сырья составила $324.8 млрд, что на 3.9% меньше, чем в 2023 году.

Китай в 2024 году импортировал 553.4 млн тонн нефти, что на 1,9% меньше, чем в предыдущем году, свидетельствуют данные Главного таможенного управления КНР.",[],[],[],False
67471,2025-01-13 09:48:55+00:00,"#GAZP
Представитель «Газпрома» Куприянов подтвердил Forbes подлинность [этого документа](https://t.me/cbrstocks/67465?single). «Комментировать не планируем», — отметил он

Ранее: **В Газпроме готовятся массовые увольнения**",[],[],[],False
67470,2025-01-13 09:01:33+00:00,"НЕФТЯНИКИ РФ В ДЕКАБРЕ ПОЛУЧИЛИ ИЗ БЮДЖЕТА ПО ДЕМПФЕРУ 139,3 МЛРД РУБ., В НОЯБРЕ БЫЛО 132 МЛРД РУБ. - МИНФИН


**Замечено Шпионом РЦБ.
Подключить:** @StockSpy_bot",[],[],[],False
67469,2025-01-13 09:01:26+00:00,"МИНФИН РФ С 15 ЯНВАРЯ УМЕНЬШИТ ПОКУПКУ ВАЛЮТЫ/ЗОЛОТА ПО БЮДЖЕТНОМУ ПРАВИЛУ В 1,3 РАЗА, ДО 4,1 МЛРД РУБ. В ДЕНЬ


**Замечено Шпионом РЦБ.
Подключить:** @StockSpy_bot",[],[],[],False
67468,2025-01-13 08:41:41+00:00,"⬆️ **#GAZP**** 153.5M₽ +0.51%**

🔷 **Аномальный объем **
[**Газпром**](https://www.tinkoff.ru/invest/stocks/GAZP?utm_source=security_share)

Объём: 153.5M₽ (117561 лотов)
Покупка: 84% Продажа: 16%
Цена: 130.61₽

Изменение цены:
    на объеме: +0.51%
    за сегодня: +3.17%

Время: 2025-01-13 11:41:14
**Замечено Шпионом РЦБ.**
**Подключить: ****@StockSpy_bot**",[],[],[],False
67467,2025-01-13 08:36:42+00:00,#TATN закрыла дивгэп,['TATN'],['TATN'],[],True
67465,2025-01-13 07:54:41+00:00,"#GAZP
**В Газпроме готовятся массовые увольнения** —[ 47News](https://47news.ru/articles/263385/)

Персонал центрального аппарата могут сократить почти вдвое - с 4100 до 2500 тысяч человек.

Центральный аппарат газовой монополии сократят почти в два раза. На выход отправят более полутора тысяч человек, чей зарплатный фонд вместе с оставшимися составляет 50 млрд. Структура управления меняется.",[],[],[],True
67464,2025-01-13 07:28:30+00:00,"#Банки
**Государству нет смысла забирать деньги со вкладов россиян, чтобы финансировать экономику — ЦБ РФ **

Это бессмыслица. Эти деньги и так уже работают в экономике. Из тех средств, которые компании и граждане положили на депозиты, банки финансируют кредиты для тех, кто видит возможности для расширения бизнеса здесь и сейчас. А также ипотечные кредиты, потребительские кредиты, кредитные карты.",[],[],[],False
67463,2025-01-13 07:04:07+00:00,"#MGKL
**Группа ""МГКЛ"" в 2024г увеличила выручку в 3,9 раза - до 8,5 млрд рублей**
Группа ""МГКЛ"" в 2024 году, по предварительным данным, увеличила выручку в 3,9 раза - до 8,5 млрд рублей, говорится в сообщении холдинга.

[MGKL](https://www.tinkoff.ru/invest/stocks/MGKL?utm_source=security_share) 2.4445₽

👉[Полная новость](http://telegra.ph/Gruppa-MGKL-v-2024g-uvelichila-vyruchku-v-39-raza---do-85-mlrd-rublej-01-13-3)

**Замечено Шпионом РЦБ.
Подключить:** @StockSpy_bot",[],[],[],False
67462,2025-01-13 06:50:03+00:00,"#Макро
🇨🇳 Экспорт Китая в декабре подскочил на 10.7% г/г (прогноз +7.3%) 

Импорт вырос на 1% г/г (прогноз -1.5%)",[],[],[],False
67461,2025-01-13 06:37:57+00:00,"#Газ
Экспорт газа по трубопроводам из России в Европу (страны Евросоюза и Молдавию) в 2024 г. [вырос](https://www.vedomosti.ru/business/articles/2025/01/13/1085767-strani-evropi-uvelichili-import-gaza-iz-rossii) на 14% до 32.1 млрд кубов, следует из данных Газпрома — Ведомости",[],[],[],False
67460,2025-01-13 06:14:37+00:00,"#Нефтянка
**Brent выше $81**",[],[],[],True
67459,2025-01-10 15:54:56+00:00,"#Политика
🇺🇸 Трампу потребуется получить одобрение Конгресса, если он захочет снять санкции против РФ после прихода к власти — Белый дом",[],[],[],False
67458,2025-01-10 15:34:06+00:00,"#FLOT
США ВНЕСЛИ В САНКЦИОННЫЕ СПИСКИ 54 НЕФТЕТАНКЕРА И 4 СПГ-ТАНКЕРА СОВКОМФЛОТА - МИНФИН",['NVTK'],[],['NVTK'],False
67457,2025-01-10 15:31:38+00:00,"#GAZP #SIBN #SNGS #SNGSP
ВЕЛИКОБРИТАНИЯ ПРИСОЕДИНЯЕТСЯ К САНКЦИЯМ ПРОТИВ ""ГАЗПРОМ НЕФТИ"" И ""СУРГУТНЕФТЕГАЗА"" - МИНФИН США


[GAZP](https://www.tinkoff.ru/invest/stocks/GAZP?utm_source=security_share) 126.04₽
[SIBN](https://www.tinkoff.ru/invest/stocks/SIBN?utm_source=security_share) 601.8₽
[SNGS](https://www.tinkoff.ru/invest/stocks/SNGS?utm_source=security_share) 23.3₽
[SNGSP](https://www.tinkoff.ru/invest/stocks/SNGSP?utm_source=security_share) 57.5₽

**Замечено Шпионом РЦБ.
Подключить:** @StockSpy_bot","['SNGS', 'SIBN']","['SIBN', 'SNGS']",[],False
67456,2025-01-10 15:27:01+00:00,"**Больше всех досталось Газпрому (**[**GAZP**](https://neo.putinomics.ru/dashboard/GAZP/MOEX)**).** #шок_новости 

В SDN попали:
✍️ Газпром нефть ([SIBN](https://neo.putinomics.ru/dashboard/SIBN/MOEX)) — основной источник денежных потоков группы
✍️ СПГ завод на Балтике — куда с него теперь деть СПГ?
✍️ Сербский актив NIS
✍️ Множество танкеров Газпром нефти
✍️ и т.п.

😀 @AK47pfl","['SIBN', 'NVTK']",[],"['NVTK', 'SIBN']",False
67455,2025-01-10 15:22:06+00:00,"#NVTK
США ВВЕЛИ САНКЦИИ ПРОТИВ ЗАВОДА СПГ НОВАТЭКА ""КРИОГАЗ ВЫСОЦК"" - МИНФИН


[NVTK](https://www.tinkoff.ru/invest/stocks/NVTK?utm_source=security_share) 968.0₽

**Замечено Шпионом РЦБ.
Подключить:** @StockSpy_bot",['NVTK'],['NVTK'],[],False
67454,2025-01-10 15:20:52+00:00,"#NVTK
**Cвязанные с Арктик СПГ-2 структуры попали под американские санкции**",['NVTK'],['NVTK'],[],False
67453,2025-01-10 15:19:09+00:00,"#ROSN 
**Минфин США ввел санкции против Восток Ойл**",['ROSN'],['ROSN'],[],False
67452,2025-01-10 15:15:03+00:00,"#SIBN
**США вводят санкции против сербской компании NIS — дочки Газпром нефти**",['SIBN'],['SIBN'],[],False
67451,2025-01-10 15:07:56+00:00,"#GAZP
США ВНЕСЛИ В САНКЦИОННЫЙ СПИСОК ЗАВОД СПГ ГАЗПРОМА НА БАЛТИКЕ - ""ГАЗПРОМ СПГ ПОРТОВАЯ""


[GAZP](https://www.tinkoff.ru/invest/stocks/GAZP?utm_source=security_share) 126.52₽

**Замечено Шпионом РЦБ.
Подключить:** @StockSpy_bot",['NVTK'],[],['NVTK'],False
67450,2025-01-10 15:06:47+00:00,"США СОКРАТИЛИ СРОК ДЕЙСТВИЯ РАЗРЕШЕНИЯ НА РАСЧЕТЫ В СФЕРЕ ЭНЕРГЕТИКИ С ПОДСАНКЦИОННЫМИ РОССИЙСКИМИ БАНКАМИ, ПЕРЕНЕСЯ ДЕДЛАЙН С 30 АПРЕЛЯ НА 12 МАРТА


**Замечено Шпионом РЦБ.
Подключить:** @StockSpy_bot",[],[],[],False
67449,2025-01-10 15:06:24+00:00,"#SIBN #SNGS #Санкции 
**США ввели санкции против Газпром нефти и Сургутнефтегаза** — официально","['SNGS', 'SIBN']","['SIBN', 'SNGS']",[],False
67448,2025-01-10 14:54:33+00:00,"#LSRG
Группа ЛСР приобрела активы обработчика грузов в Москве для увеличения земельного банка",[],[],[],False
67447,2025-01-10 14:21:27+00:00,"#Нефтянка
**Brent выше $80**",[],[],[],True
67446,2025-01-10 13:32:26+00:00,"#Макро #Статистика
**🇺🇸**** США: Non-farm Payrolls в декабре**
**
Факт: 256K**
Прогноз: 164K
Пред.: 227K",[],[],[],False
67445,2025-01-10 13:21:38+00:00,"#Санкции #FLOT
**Новый пакет санкций США затронет свыше 180 нефтяных судов и десятки нефтетрейдеров** — Reuters",[],[],[],False
67444,2025-01-10 13:07:06+00:00,"#Нефтянка
**Индийские компании ожидают серьезных перебоев с поставками российской нефти из-за новых санкций Вашингтона** — источники Reuters

НПЗ из Индии будут вынуждены искать сырье на Ближнем Востоке и в США.",[],[],[],False
67443,2025-01-10 13:02:43+00:00,"#Санкции
**Также под санкции попадут СЕО Сургутнефтегаза, Газпром нефти, Лукойла, а также сын Алекперова** — Reuters","['SNGS', 'LKOH']",[],"['LKOH', 'SNGS']",True
67442,2025-01-10 13:00:49+00:00,"#Санкции
Reuters сообщает о санкциях против Газпром нефти и Сургутнефтегаза",['SNGS'],[],['SNGS'],True
67441,2025-01-10 12:45:06+00:00,"#Нефтянка
**Канада рассматривает введение пошлин почти на все товары из США, включая нефть и уран**, в случае если избранный президент США Дональд Трамп введет обещанные высокие пошлины на канадские товары — Bloomberg",[],[],[],False
67440,2025-01-10 11:48:13+00:00,"#Нефтянка
**Украина не будет прекращать транзит российской нефти в Европу - Шмыгаль**",[],[],[],False
67439,2025-01-10 11:14:37+00:00,"#Теханализ #GAZP
Газпром с точки зрения технического анализа выглядит шортово. Сейчас ложный пробой верхней границы локального боковика и истинный пробой вниз большого боковика

Накопленная дельта отрицательная — соответственно сейчас все что выше 126 — хорошая зона для шортов

Цель по Газпрому — 120 руб и ниже. Отменой плана будет выступать рост к 130 руб",[],[],[],True
67438,2025-01-10 11:00:39+00:00,📈 **#BTC**** выше $95000**,[],[],[],True
67437,2025-01-10 10:10:13+00:00,"#Санкции #SIBN #SNGS #FLOT
**Предварительно был слит документ с информацией по санкциям, который должен был быть опубликован в 18:30 мск** — официального подтверждения OFAC пока нет

**Согласно документу, под санкции попали Газпромнефть и Сургутнефтегаз.** К решению Минфина США присоединяется и Великобритания.

**Также санкции введены в отношении Совкомфлота**, Ингосстраха и Альфастрахования.","['SNGS', 'SIBN']","['SIBN', 'SNGS']",[],False
67436,2025-01-10 10:01:11+00:00,"**Замечено Шпионом РЦБ.
Подключить:** @StockSpy_bot",[],[],[],True
67435,2025-01-10 09:41:56+00:00,"#Политика
**🇷🇺**** Пресс-секретарь президента РФ Песков говорит**

🗣 Исходим из обоюдной готовности Путина и Трампа к двусторонней встрече, но конкретики никакой нет.

🗣 Мы приветствуем готовность Трампа решать проблемы через диалог.

🗣 Никакие предварительные условия для встречи Путина и Трампа не нужны, для этого требуется обоюдное желание",[],[],[],False
67434,2025-01-10 09:37:13+00:00,"⬇️ **#RNFT**** 36.0M₽ -0.53%**

🔷 **Аномальный объем **
[**Русснефть**](https://www.tinkoff.ru/invest/stocks/RNFT?utm_source=security_share)

Объём: 36.0M₽ (321746 лотов)
Покупка: 11% Продажа: 89%
Цена: 111.75₽

Изменение цены:
    на объеме: -0.53%
    за сегодня: -2.40%

Время: 2025-01-10 12:36:36
**Замечено Шпионом РЦБ.**
**Подключить: ****@StockSpy_bot**",[],[],[],False
67433,2025-01-10 09:35:35+00:00,"⬇️ **#SIBN**** 21.1M₽ -0.27%**

🔷 **Аномальный объем **
[**Газпром нефть**](https://www.tinkoff.ru/invest/stocks/SIBN?utm_source=security_share)

Объём: 21.1M₽ (35251 лотов)
Покупка: 5% Продажа: 95%
Цена: 599.85₽

Изменение цены:
    на объеме: -0.27%
    за сегодня: +1.03%

Время: 2025-01-10 12:34:49
**Замечено Шпионом РЦБ.**
**Подключить: ****@StockSpy_bot**",['SIBN'],['SIBN'],[],False
67428,2025-01-10 08:24:39+00:00,"#Нефтянка
Дельта (разница между покупками и продажами) в акциях нефтяников с начала года:

#LKOH: -1093.7 млн руб
#ROSN: +181.1 млн руб
#SIBN: -175.2 млн руб
#SNGS: -349.2 млн руб
#RNFT: -212.5 млн руб

Сегодня ожидается введение новых санкций США против РФ, которые могут затронуть нефтяные компании.

👉 Дельта рассчитана [Шпионом РЦБ ](https://t.me/stockspy_bot)

[👉 Инструкция по использованию дельты](https://dzen.ru/a/Zv_EAh4NkzoIwd8B)","['SNGS', 'LKOH', 'ROSN', 'SIBN']","['LKOH', 'ROSN', 'SIBN', 'SNGS']",[],True
67427,2025-01-10 08:17:00+00:00,#IMOEX уже в минусе,[],[],[],True
67426,2025-01-10 06:58:38+00:00,"#Авто
В России в 2024 г было продано 1.57 млн новых легковых авто (+48% г/г) — Автостат",[],[],[],False
67425,2025-01-10 06:47:20+00:00,"#Политика
🇪🇺 ЕС все больше опасается, что Трамп после прихода к власти может **отменить** принятые при Байдене антироссийские указы и санкции — FT",[],[],[],False
67424,2025-01-10 06:40:17+00:00,"#Санкции
🇯🇵 Япония ввела новые санкции против РФ. Под них попали:

• СЕО Алросы
• Один гражданин КНДР
• Один банк Грузии
• ЦМРБанк, РФК банк и Тимер Банк
• Введены ограничения на экспорт против 31 фирмы из Китая, ОАЭ, Казахстана, Киргизии, Таиланда, Турции. 

Япония также ввела запрет на экспорт в РФ 335 видов товаров, включая детали для спецтехники, малолитражные мотоциклы, инструменты.",[],[],[],False
67423,2025-01-09 15:20:38+00:00,"#TRNFP
Транснефть ждет снижения транспортировки нефти в 2024 году на 2%, нефтепродуктов — на уровне предыдущего года — вице-президент",[],[],[],False
67422,2025-01-09 14:57:41+00:00,"#GCHE
**Корпуса птицефабрики ""Черкизово"" горят в Курской области**
Пожар на площадке АО ""Куриное царство"" (входит в ГК ""Черкизово"" ) ликвидируют в Курской области, сообщил врио губернатора Александр Хинштейн.

[GCHE](https://www.tinkoff.ru/invest/stocks/GCHE?utm_source=security_share) 4212.0₽

👉[Полная новость](http://telegra.ph/Korpusa-pticefabriki-CHerkizovo-goryat-v-Kurskoj-oblasti-01-09-3)

**Замечено Шпионом РЦБ.
Подключить:** @StockSpy_bot",[],[],[],False
67421,2025-01-09 14:32:46+00:00,"**Рейтинг акций по чистым покупкам и чистым продажам на 09.01.2025 17:30**

```Покупки

Тикер    %       Млн. руб.
MAGN     100.0%  +330.8
PHOR     99.6%   +211.0
MRKY     98.8%   +13.9
MRKS     94.6%   +3.6
ZAYM     94.2%   +6.9
QIWI     93.5%   +64.5
BRZL     93.1%   +1.5
ROSN     90.2%   +447.4
RKKE     82.2%   +0.4
PLZL     81.2%   +171.5

Продажи

Тикер    %     Млн. руб.
ABIO     2.4%  -27.6
HEAD     2.2%  -313.1
APTK     2.2%  -24.0
GECO     2.0%  -10.2
IRKT     2.0%  -59.4
LSNG     1.6%  -4.8
MGTS     1.3%  -0.4
CBOM     1.2%  -67.4
RENI     1.2%  -63.4
MRKZ     0.4%  -11.4```
([**Что это значит**](https://t.me/SpyFAQ/32))

**Замечено Шпионом РЦБ.**
**Подключить: ****@StockSpy_bot**",[],[],[],False
67420,2025-01-09 14:04:53+00:00,"#Политика
🇺🇦 **Урегулирование конфликта на Украине может быть достигнуто уже до конца апреля** — глава британского МИД.",[],[],[],False
67419,2025-01-09 13:02:34+00:00,"#Политика
🇸🇰** Словакия примет жесткие меры против Украины, если проблемы с газовым транзитом не будут решены** — Reuters со ссылкой на словацкого премьер-министра Роберта Фицо. 

По его данным, меры могут включать остановку гуманитарной помощи, а также прекращение или сокращение поддержки для беженцев. Кроме того, Словакия могла бы прекратить экстренные поставки электроэнергии для Украины, сообщает агентство. 

""Мы бы могли использовать свое право вето в ЕС по вопросам, связанным с Украиной"", - приводит Reuters слова Фицо.",[],[],[],False
67418,2025-01-09 12:35:51+00:00,"#Недвижимость
⚡️ **Путин попросил как можно быстрее представить ему предложения по ипотечным мерам, чтобы поддержать и граждан, и застройщиков**",[],[],[],False
67417,2025-01-09 12:22:10+00:00,"#Газ #Политика
Премьер Словакии Фицо провел переговоры с ЕК по транзиту газа через Украину без ее представителей",[],[],[],False
67416,2025-01-09 12:12:39+00:00,"#UNAC
Росимущество передало Ростеху 12.9 млн акций ОАК",[],[],[],False
67415,2025-01-09 10:39:38+00:00,"#IPO
**Онлайн-сервис по бронированию жилья Суточно.ру рассматривает в 2025 году проведение IPO — СЕО компании **— РБК

«Это логичный шаг для любой быстроразвивающейся технологичной компании. «Суточно.ру» полностью готова к выходу на биржу с точки зрения выстроенных внутренних процессов, операционного и корпоративного управления. Но мы внимательно смотрим на рынок — должны сложиться благоприятные условия на фондовом рынке»",[],[],[],False
67414,2025-01-09 10:22:55+00:00,"**Новая реальность по крайней мере на следующие 4 года. Почти закончилось 60-летнее партнерство Газпрома (**[**GAZP**](https://neo.putinomics.ru/dashboard/GAZP/MOEX)**) и ЕС.** #аналитика 

При условии, что транзит через Украину так и не будет перезапущен, экспорт трубопроводного газа Газпромом в ЕС с 2021 году по 2025 год упадет в 9 раз... Среди значимых партнеров остается только Венгрия.

Объемы Газпрома в основном заместились падением потребления газа в ЕС (и импорта, соответственно) и ростом импорта СПГ из США. 

ЕС еще продолжает закупать СПГ из РФ, в 2024 году закупили 21 млрд м3. Но и эти объемы под риском. https://t.me/AK47pfl/17458

Трамп еще в первый срок начал выгонять РФ с газового рынка ЕС, Байден продолжил. И судя по заявлениям Трампа, это новая реальность для Газпрома, по крайней мере, на следующие 4 года. https://t.me/AK47pfl/18856

😀 @AK47pfl",['NVTK'],[],['NVTK'],True
67413,2025-01-09 10:09:36+00:00,"#Санкции
**🇺🇸**** Байден на этой неделе объявит о новых санкциях против экономики РФ** — [Reuters](https://www.reuters.com/world/biden-set-push-new-russia-sanctions-before-trump-era-begins-2025-01-09/)",[],[],[],False
67412,2025-01-09 09:58:08+00:00,"#SVCB
**Совкомбанк в рамках присоединения ХКФ банка может увеличить уставный капитал почти на 9%**
Совкомбанк в рамках присоединения ХКФ банка (работает под брендом Хоум банк) может увеличить уставный капитал на 8,8% - до 2,251 млрд рублей, следует из материалов к внеочередному собранию акционеров Совкомбанка .

[SVCB](https://www.tinkoff.ru/invest/stocks/SVCB?utm_source=security_share) 14.14₽

👉[Полная новость](http://telegra.ph/Sovkombank-v-ramkah-prisoedineniya-HKF-banka-mozhet-uvelichit-ustavnyj-kapital-pochti-na-9-01-09-3)

**Замечено Шпионом РЦБ.
Подключить:** @StockSpy_bot",[],[],[],False
67411,2025-01-09 09:50:01+00:00,"#Политика
🇷🇺🇺🇸  Путин будет только приветствовать желание Трампа идти на контакт — Песков",[],[],[],False
67410,2025-01-09 09:48:48+00:00,"#Политика
🇷🇺🇺🇸 Запросов от команды Трампа на его контакт с Путиным не было — Песков

Контакт Путина и трампа целесообразнее организовать после вступления в должность нового президента США — Песков",[],[],[],False
67409,2025-01-09 09:19:23+00:00,"#GCHE
**Черкизово в 2024 году увеличила экспорт продукции примерно на 20%** — компания",[],[],[],False
67408,2025-01-09 09:14:13+00:00,"#Нефтянка #Газ
**Потенциальные запасы нефти и газа в национальных секторах Арктики **

Если Гренландия и Канада отойдут США, Америка будет контролировать почти половину всех нефтегазовых запасов Арктики.",[],[],[],True
67407,2025-01-09 08:19:22+00:00,"#ZAYM [МФК Займер](https://www.tinkoff.ru/invest/stocks/ZAYM?utm_source=security_share)
💰 **Решения акционеров**

Текущая цена: 141.4 ₽

Формулировка решения, принятого общим собранием акционеров эмитента: **Распределить прибыль** ПАО МФК «Займер» по результатам деятельности Общества за 9 месяцев 2024 года в размере 27 рублей 11 копеек на одну обыкновенную акцию, что составляет 2 711 000 000 рублей.

С учетом выплаченных **дивидендов** по итогам 1 полугодия 2024 года в размере 1 660 000 000 рублей, выплатить **дивиденды** в денежной форме в размере 10 рублей 51 копейка на одну обыкновенную акцию, что составляет 1 051 000 000 рублей, в денежной форме.

👉 [Полный текст сообщения](https://www.e-disclosure.ru/portal/event.aspx?EventId=ZnTI9LtluUOuzCPECmpnBA-B-B)

**Замечено  Шпионом РЦБ.**
**Подключить:** @StockSpy_bot",[],[],[],False
67406,2025-01-09 07:39:38+00:00,"#Макро #Китай
**🇨🇳**** Инвесторы все больше обеспокоены тем, что Китай рискует скатиться в экономический кризис**, который может продлиться десятилетиями — Bloomberg

Доходность 10-летних китайских гособлигаций в последние недели упала до исторического минимума, создав разрыв в 300 б. п. с американскими бондами, несмотря на ряд мер экономического стимулирования.

Текущие уровни доходности китайских облигаций ниже чем во время кризиса 2008 года и ковида.

Если рынок окажется прав, последствия будут глубокими. Длительный период дефляции затормозил бы один из крупнейших двигателей роста мировой экономики.",[],[],[],True
67405,2025-01-09 07:27:01+00:00,"#Политика
🇦🇲 Правительство Армении одобрило законопроект о начале процесса вступления страны в ЕС",[],[],[],False
67404,2025-01-09 07:11:58+00:00,"#HEAD
**HeadHunter консолидировал 100% HRTech-компании Edstein**, которое разрабатывает систему для адаптации, оценки и обучения персонала, а также для автоматизации HR-процессов — Интерфакс",[],[],[],False
67403,2025-01-09 07:01:43+00:00,Бодрое начало торгов в икс5,[],[],[],True
67402,2025-01-09 06:45:02+00:00,"#Макро #Бонды
🇺🇸 Доходность 20-летних казначейских облигаций США достигла 5% впервые с 2023 года на фоне растущего инфляционного давления",[],[],[],True
67401,2025-01-09 06:27:23+00:00,"#Макро
🇷🇺 Погрузка на сети РЖД в декабре снизилась на 1.4% — Интерфакс",[],[],[],False
67400,2025-01-09 06:01:55+00:00,"#Макро
🇺🇸 ФРС США [снизила](https://tass.ru/ekonomika/22838305) ожидаемое количество понижений ставок с четырех до двух. Члены руководящего комитета Федеральной резервной системы выразили обеспокоенность темпами роста инфляции",[],[],[],False
67399,2025-01-09 05:41:07+00:00,"#X5
❗️ Сегодня стартуют торги Икс 5",[],[],[],False
67398,2025-01-08 13:06:39+00:00,"#Adoption
🇹🇭 **Пхукет **[**запустит**](https://www.nationthailand.com/news/policy/40044945)** пилотный проект по расчётам в крипте для туристов: **иностранные гости вскоре смогут расплачиваться в BTC за товары и услуги.",[],[],[],False
67397,2025-01-08 11:33:30+00:00,"**Рейтинг акций по чистым покупкам и чистым продажам на 08.01.2025 14:30**

```Покупки

Тикер    %      Млн. руб.
YKEN     99.6%  +1.4
MRKZ     99.6%  +11.1
BELU     99.6%  +28.0
MRKU     99.2%  +21.5
MRKS     98.9%  +9.9
MRKV     98.8%  +8.9
MAGE     98.8%  +0.8
SVET     98.6%  +1.3
KMEZ     98.4%  +0.6
CHMK     97.1%  +2.6

Продажи

Тикер    %      Млн. руб.
GAZA     22.2%  -0.1
MGNT     6.1%   -200.0
MRKK     5.4%   -0.6
LIFE     4.8%   -12.7
APTK     4.4%   -15.5
NSVZ     3.7%   -3.0
FESH     2.0%   -56.7
ABIO     1.2%   -28.2
PRMD     1.0%   -30.2
GECO     0.4%   -10.8```
([**Что это значит**](https://t.me/SpyFAQ/32))

**Замечено Шпионом РЦБ.**
**Подключить: ****@StockSpy_bot**",[],[],[],False
67396,2025-01-08 10:59:57+00:00,"Девочка, ты больше не губернатор Канады, поэтому неважно, что ты говоришь — Илон Маск ответил на твит Джастина Трюдо нулевых шансах Канады стать частью США",[],[],[],True
67395,2025-01-08 10:55:10+00:00,"#Золото
**Мировые центробанки в ноябре увеличили объемы золота в своих золотовалютных резервах на 53,4 тонны — оценка World Gold Council**

Крупнейшими покупателями золота в ноябре были Польша (21 тонна), Узбекистан (9 тонн), Индия (8,4 тонны), Казахстан (5,1 тонны). Впервые с апреля сообщил об увеличении запасов Китай (плюс 5 тонн). Также среди покупателей оказались Иордания (4,1 тонны), Турция (3 тонны), Чехия (1,6 тонны), Гана (1,2 тонны), Монголия и Мальта (менее тонны).

Основным продавцом золота был Сингапур (5,2 тонны).",[],[],[],False
67394,2025-01-08 07:22:15+00:00,#IMOEX открылся,[],[],[],True
67393,2025-01-07 17:35:07+00:00,"#Политика
🇺🇸 Трамп надеется, что за полгода ему удастся остановить конфликт на Украине",[],[],[],False
67392,2025-01-07 17:14:12+00:00,"#Политика
🇮🇱 Если заложники в Секторе Газа не будут отпущены до моего прихода на пост президента, начнется ад — Трамп",[],[],[],False
67391,2025-01-07 17:11:08+00:00,"#Политика
**🇺🇸**** Трамп заявил, что ""понимает чувства России""**, заявляющей о недопустимости вступления Украины в ряды стран НАТО

Трамп признал, что администрация Байдена допустила много ошибок в переговорах о возможном вступлении Украины в НАТО, так как РФ выступала против этого.",[],[],[],False
67390,2025-01-07 17:06:28+00:00,"#Политика
🇺🇸** Нам нужны Панама и Гренландия для обеспечения экономической безопасности** — Трамп

• Трамп отказался дать обещание не применять военную силу для установления контроля над Гренландией и Панамским каналом.

• Трамп заявил, что уже ведет обсуждение с властями Панамы по вопросу Панамского канала, который намерен вернуть под контроль США

• Трамп заявил о намерении переименовать Мексиканский залив в ""Залив Америки"".

• Трамп заявил, что намерен ввести ""очень значительные"" пошлины на импорт из Канады и Мексики.",[],[],[],False
67389,2025-01-06 17:43:43+00:00,"#Газ
**Еврокомиссия отменила переговоры по транзиту газа РФ через Украину, запланированные на 7 января**

Причина — на них не будет представителей украинской стороны.",[],[],[],False
67388,2025-01-06 15:20:52+00:00,"#Цифры
**📈**** Приток в инвестиционные продукты, связанные с криптой, по итогам прошлого года составил рекордные $44 млрд** — почти в четыре раза больше прошлого рекорда, установленного в 2021.",[],[],[],True
67387,2025-01-06 13:10:58+00:00,"#Нефтянка
Brent 77$ за баррель",[],[],[],True
67386,2025-01-06 11:34:45+00:00,"#Политика
Европа не может позволить России победить на Украине — Макрон",[],[],[],False
67385,2025-01-06 11:10:47+00:00,"#LIFE
ДИСКРЕТНЫЙ АУКЦИОН: ОБЫКНОВЕННЫЕ АКЦИИ ПАО ""ФАРМСИНТЕЗ"" С 13:56 МСК ИЗ-ЗА РОСТА ЦЕНЫ БОЛЕЕ ЧЕМ НА 20%


[LIFE](https://www.tinkoff.ru/invest/stocks/LIFE?utm_source=security_share) 3.965₽

**Замечено Шпионом РЦБ.
Подключить:** @StockSpy_bot",[],[],[],False
67384,2025-01-06 10:39:14+00:00,"#Газ
Запасы газа в европейских хранилищах истощаются самыми быстрыми темпами с 2018 года — [Bloomberg](https://www.bloomberg.com/news/articles/2025-01-06/european-gas-storage-sites-deplete-at-fastest-pace-since-2018)

Подземные хранилища региона заполнены чуть более чем на 70% по сравнению с примерно 86% год назад.",[],[],[],False
67381,2025-01-06 09:06:19+00:00,"#Макро #Прогноз
Конкретного консенсус-прогноза по ключевой ставке на конец 2025 по-прежнему нет — опрос РБК  

• Трое полагают, что ставка в конце года может составить 21%
• Один из опрашиваемых назвал прогнозный диапазон 19–21% на конец 2025.
• Еще один ожидает ставку в коридоре 19–23% в декабре этого года.

__P.S В последнем из своих прогнозов в октябре ЦБ ожидает, что средняя ключевая ставка в 2025 может быть 17-20%__",[],[],[],False
67380,2025-01-06 07:59:20+00:00,"#Политика
Пресс-секретарь президента России Песков опроверг сообщения о подготовке встреч Владимира Путина с канцлером ФРГ Олафом Шольцем и избранным президентом США Донадьдом Трампом",[],[],[],False
67379,2025-01-06 07:10:14+00:00,"#IMOEX
Индекс Мосбиржи опустился ниже 2800 пунктов на открытии торгов",[],[],[],True
67378,2025-01-06 06:41:51+00:00,"#Санкции
Администрация действующего президента США Байдена планирует ввести новые санкции против России, нацеленные на танкеры, перевозящие нефть, проданную по цене выше $60 за баррель — [Reuters](https://www.reuters.com/markets/commodities/us-plans-more-sanctions-tankers-carrying-russian-oil-sources-say-2025-01-06/)",[],[],[],True
67377,2025-01-03 15:13:15+00:00,"#Авто
Общий объем спроса на новые автомобили в 2025 всех видов не превысит 1.5 млн единиц. В пессимистичном прогнозе не превысит 1.2 млн единиц — Национальное рейтинговое агенство

Продажи новых легковых автомобилей в 2025 могут составить в базовом сценарии 1.2 млн единиц, коммерческих авто — 120 тыс единиц, грузовых — 130 тыс единиц",[],[],[],False
67376,2025-01-03 14:00:16+00:00,"#Политика
Избранный президент США Трамп заявил, что будет использовать санкции экономно, одновременно пообещав положить конец войне на Украине  — [NYT](https://www.nytimes.com/2025/01/02/business/economy/russia-sanctions-ukraine.html?searchResultPosition=1)

Санкции против России не оправдали ожиданий. 

Москва адаптировалась, расширив торговлю и найдя альтернативные способы платежей, несмотря на отключение от платежной системы SWIFT",[],[],[],True
67375,2025-01-03 13:00:35+00:00,"#VSEH
Пока индекс Мосбиржи -2.5%, ВсеИнструменты почти +10%

__P.S С цены  IPO все равно просадка более 50%__",[],[],[],True
67373,2025-01-03 11:05:14+00:00,"#Политика
Команда Трампа в своих сигналах пока не предлагает ничего интересного для РФ по Украине — Постоянный представитель Российской Федерации при ООН и в Совете Безопасности ООН",[],[],[],False
67372,2025-01-03 10:42:47+00:00,"#BTC #ETF
**📉**** Отток из биткоин-ETF вчера составил $247.8 млн. 
**
Из ETF BlackRock утекло $332 млн — сильнейший отток с запуска.",[],[],[],True
67371,2025-01-03 09:10:33+00:00,"#Нефтянка
На новогодних праздниках нефть была выше 75$ за баррель",[],[],[],True
67370,2025-01-03 08:11:38+00:00,"Забавная конечно реакция на ожидаемую остановку транзита)))
Газпром почти -3% по дню

📍 С 1 января остановлен транзит газа из РФ в ЕС через Украину. Через Украину в ЕС в 2024 было поставлено около 16 млрд м3 или около половины оставшегося трубопроводного экспорта Газпрома в ЕС.
https://t.me/AK47pfl/19156

Минус половина от самого маржинального кусочка бизнеса",[],[],[],True
67369,2025-01-03 07:33:01+00:00,"#Статистика #IPO
В 2024 году состоялось 14 первичных размещений на Мосбирже против 8-ми в 2023.

__В общей сложности новые эмитенты __
__привлекли 81 млрд руб__",[],[],[],False
67368,2025-01-03 07:12:15+00:00,"#IMOEX
Индекс Мосбиржи открылся",[],[],[],True
67367,2025-01-03 07:00:58+00:00,"#Политика #SIBN #GAZP
Вучич заявил об отсутствии «хороших новостей» после разговора с США по NIS - Коммерсант

Господин Вучич сообщал 14 декабря, что США могут ввести санкции против NIS, так как совладельцами компании являются Газпром нефть (50%) и Газпром (6,15%). 16 декабря президент Сербии объявлял о начале переговоров с США и Россией из-за возможных ограничений",['SIBN'],['SIBN'],[],False
67366,2025-01-01 12:23:42+00:00,"#SBER
**Правительству РФ и Сберу поручено обеспечить сотрудничество с Китаем при проведении исследований в сфере ИИ** — Интерфакс",[],[],[],False
67365,2025-01-01 10:41:39+00:00,"#T #ROSB
**Т-Банк присоединил Росбанк**",[],[],[],False
